modelo,signo,iter,pos_rate_bootstrap,cv_accuracy,cv_precision,cv_recall,cv_f1,cv_roc_auc,cv_pr_auc,cv_tp_mean,cv_fp_mean,cv_tn_mean,cv_fn_mean
rf_full,signo_zodiacal_tauro,1,0.5,0.6,0.660952380952381,0.5,0.5548752228163993,0.623,0.6595585966321259,5.0,3.0,7.0,5.0
rf_full,signo_zodiacal_tauro,2,0.5,0.6,0.6146520146520146,0.54,0.5630576868428532,0.599,0.6117855010486588,5.4,3.4,6.6,4.6
rf_full,signo_zodiacal_tauro,3,0.5,0.55,0.5548229548229549,0.4800000000000001,0.4981308770647847,0.5900000000000001,0.6354889740462497,4.8,3.8,6.2,5.2
rf_full,signo_zodiacal_tauro,4,0.5,0.48,0.4641880341880342,0.5199999999999999,0.4885084252132307,0.48,0.5455974113605693,5.2,5.6,4.4,4.8
rf_full,signo_zodiacal_tauro,5,0.5,0.5,0.5105494505494506,0.48,0.48827507814720084,0.462,0.5686153132213503,4.8,4.8,5.2,5.2
rf_full,signo_zodiacal_tauro,6,0.5,0.49000000000000005,0.47329004329004326,0.44000000000000006,0.4464323911382735,0.5229999999999999,0.5923609891140851,4.4,4.6,5.4,5.6
rf_full,signo_zodiacal_tauro,7,0.5,0.53,0.5316666666666666,0.5599999999999999,0.5370909090909091,0.583,0.6013091979400029,5.6,5.0,5.0,4.4
rf_full,signo_zodiacal_tauro,8,0.5,0.37,0.3365873015873016,0.33999999999999997,0.3309886480908153,0.376,0.4645317902771463,3.4,6.0,4.0,6.6
rf_full,signo_zodiacal_tauro,9,0.5,0.53,0.5413203463203462,0.58,0.5553535353535354,0.594,0.6508307972557199,5.8,5.2,4.8,4.2
rf_full,signo_zodiacal_tauro,10,0.5,0.42000000000000004,0.4185281385281385,0.39999999999999997,0.40470927765045417,0.4370000000000001,0.5010791522718767,4.0,5.6,4.4,6.0
rf_full,signo_zodiacal_tauro,11,0.5,0.5199999999999999,0.5376623376623376,0.5,0.5097105508870214,0.5359999999999999,0.586775269879759,5.0,4.6,5.4,5.0
rf_full,signo_zodiacal_tauro,12,0.5,0.5599999999999999,0.5612698412698414,0.58,0.5640436128684885,0.6010000000000001,0.6295397723191841,5.8,4.6,5.4,4.2
rf_full,signo_zodiacal_tauro,13,0.5,0.48,0.48,0.42000000000000004,0.4472514619883041,0.539,0.5797222577044558,4.2,4.6,5.4,5.8
rf_full,signo_zodiacal_tauro,14,0.5,0.55,0.5501587301587301,0.52,0.5312580917534477,0.5069999999999999,0.536504263710146,5.2,4.2,5.8,4.8
rf_full,signo_zodiacal_tauro,15,0.5,0.44000000000000006,0.44000000000000006,0.42000000000000004,0.42947368421052634,0.442,0.5193984190044562,4.2,5.4,4.6,5.8
rf_full,signo_zodiacal_tauro,16,0.5,0.49000000000000005,0.47757575757575754,0.45999999999999996,0.4652380952380953,0.46499999999999997,0.5157074026764429,4.6,4.8,5.2,5.4
rf_full,signo_zodiacal_tauro,17,0.5,0.58,0.5817099567099566,0.6,0.5850459482038429,0.5870000000000001,0.6511387784901717,6.0,4.4,5.6,4.0
rf_full,signo_zodiacal_tauro,18,0.5,0.51,0.4682983682983683,0.5,0.47407451434911385,0.47999999999999987,0.5361854213897557,5.0,4.8,5.2,5.0
rf_full,signo_zodiacal_tauro,19,0.5,0.52,0.5123376623376623,0.52,0.5089635854341736,0.5309999999999999,0.5610140649683993,5.2,4.8,5.2,4.8
rf_full,signo_zodiacal_tauro,20,0.5,0.4,0.41348873348873355,0.44000000000000006,0.4246006320148196,0.362,0.4863680682063035,4.4,6.4,3.6,5.6
rf_full,signo_zodiacal_tauro,21,0.5,0.48,0.4673701298701299,0.48,0.4617108381814264,0.441,0.5309742700539914,4.8,5.2,4.8,5.2
rf_full,signo_zodiacal_tauro,22,0.5,0.5800000000000001,0.5765656565656565,0.6199999999999999,0.5896099222415011,0.623,0.6844185346816926,6.2,4.6,5.4,3.8
rf_full,signo_zodiacal_tauro,23,0.5,0.55,0.5383333333333333,0.52,0.518989898989899,0.6020000000000001,0.6641578672445545,5.2,4.2,5.8,4.8
rf_full,signo_zodiacal_tauro,24,0.5,0.58,0.6004761904761904,0.54,0.5626737967914439,0.5589999999999999,0.598042670349946,5.4,3.8,6.2,4.6
rf_full,signo_zodiacal_tauro,25,0.5,0.45,0.450909090909091,0.4,0.4199439775910364,0.41900000000000004,0.5105949434981942,4.0,5.0,5.0,6.0
rf_full,signo_zodiacal_tauro,26,0.5,0.5900000000000001,0.6011904761904762,0.6,0.5923945335710041,0.6599999999999999,0.6719507491992012,6.0,4.2,5.8,4.0
rf_full,signo_zodiacal_tauro,27,0.5,0.56,0.5963553113553114,0.48,0.5190296286325362,0.535,0.6166124310845673,4.8,3.6,6.4,5.2
rf_full,signo_zodiacal_tauro,28,0.5,0.6599999999999999,0.6954545454545453,0.68,0.6675324675324675,0.7219999999999999,0.7617239037192598,6.8,3.6,6.4,3.2
rf_full,signo_zodiacal_tauro,29,0.5,0.48,0.4828393828393828,0.44000000000000006,0.45209362921369917,0.46399999999999997,0.5132690273263029,4.4,4.8,5.2,5.6
rf_full,signo_zodiacal_tauro,30,0.5,0.44000000000000006,0.425,0.38,0.40058479532163743,0.399,0.4753691045796309,3.8,5.0,5.0,6.2
rf_full,signo_zodiacal_tauro,31,0.5,0.44000000000000006,0.4113986013986014,0.42000000000000004,0.4072049689440994,0.45599999999999996,0.5419348594302155,4.2,5.4,4.6,5.8
rf_full,signo_zodiacal_tauro,32,0.5,0.55,0.5533333333333335,0.5800000000000001,0.5512121212121212,0.5920000000000001,0.5851434562169856,5.8,4.8,5.2,4.2
rf_full,signo_zodiacal_tauro,33,0.5,0.4600000000000001,0.45479797979797976,0.44000000000000006,0.43778195488721805,0.41899999999999993,0.467460242372007,4.4,5.2,4.8,5.6
rf_full,signo_zodiacal_tauro,34,0.5,0.62,0.675,0.48,0.5523809523809524,0.6809999999999999,0.6958151723577419,4.8,2.4,7.6,5.2
rf_full,signo_zodiacal_tauro,35,0.5,0.5900000000000001,0.5926767676767677,0.5599999999999999,0.5740183792815372,0.5900000000000001,0.5908447196078774,5.6,3.8,6.2,4.4
rf_full,signo_zodiacal_tauro,36,0.5,0.5,0.4961965811965811,0.48,0.48411390795830156,0.475,0.5200065120637877,4.8,4.8,5.2,5.2
rf_full,signo_zodiacal_tauro,37,0.5,0.4999999999999999,0.4795238095238095,0.39999999999999997,0.43340729274165807,0.46399999999999997,0.5436147278074523,4.0,4.0,6.0,6.0
rf_full,signo_zodiacal_tauro,38,0.5,0.45,0.4317460317460317,0.42000000000000004,0.4200394033211371,0.395,0.497135626843057,4.2,5.2,4.8,5.8
rf_full,signo_zodiacal_tauro,39,0.5,0.51,0.5155555555555555,0.5399999999999999,0.5205061137692717,0.511,0.5470726573048553,5.4,5.2,4.8,4.6
rf_full,signo_zodiacal_tauro,40,0.5,0.45,0.4415306915306916,0.5,0.46430387563110675,0.42699999999999994,0.5164375357184954,5.0,6.0,4.0,5.0
rf_full,signo_zodiacal_tauro,41,0.5,0.42000000000000004,0.422020202020202,0.42000000000000004,0.4205012531328321,0.34900000000000003,0.4798429324373597,4.2,5.8,4.2,5.8
rf_full,signo_zodiacal_tauro,42,0.5,0.53,0.5257575757575758,0.5,0.5082251082251081,0.4870000000000001,0.55278723117268,5.0,4.4,5.6,5.0
rf_full,signo_zodiacal_tauro,43,0.5,0.47000000000000003,0.4633333333333334,0.48,0.4653333333333333,0.469,0.5404419381787803,4.8,5.4,4.6,5.2
rf_full,signo_zodiacal_tauro,44,0.5,0.39999999999999997,0.4036363636363637,0.45999999999999996,0.41500000000000004,0.406,0.4945996050732894,4.6,6.6,3.4,5.4
rf_full,signo_zodiacal_tauro,45,0.5,0.48,0.4666666666666667,0.45999999999999996,0.461190855927698,0.45499999999999996,0.5383575225943646,4.6,5.0,5.0,5.4
rf_full,signo_zodiacal_tauro,46,0.5,0.43,0.4264901764901765,0.48,0.4483010595542565,0.46799999999999997,0.5495647952838356,4.8,6.2,3.8,5.2
rf_full,signo_zodiacal_tauro,47,0.5,0.43,0.428021978021978,0.44000000000000006,0.42900304702700714,0.4149999999999999,0.5125475831358184,4.4,5.8,4.2,5.6
rf_full,signo_zodiacal_tauro,48,0.5,0.41,0.39689542483660134,0.48,0.4258284600389864,0.391,0.47805174503858716,4.8,6.6,3.4,5.2
rf_full,signo_zodiacal_tauro,49,0.5,0.4699999999999999,0.47435897435897434,0.4999999999999999,0.4833552920509443,0.4539999999999999,0.534761766011766,5.0,5.6,4.4,5.0
rf_full,signo_zodiacal_tauro,50,0.5,0.4600000000000001,0.4616161616161616,0.5,0.47295160979371503,0.462,0.5279923007848704,5.0,5.8,4.2,5.0
rf_full,signo_zodiacal_tauro,51,0.5,0.5,0.5142857142857142,0.54,0.5143222506393863,0.48100000000000004,0.5657491489418734,5.4,5.4,4.6,4.6
rf_full,signo_zodiacal_tauro,52,0.5,0.45,0.45152625152625153,0.38,0.4056441722379264,0.387,0.46173527495895916,3.8,4.8,5.2,6.2
rf_full,signo_zodiacal_tauro,53,0.5,0.38,0.38863636363636367,0.4,0.3926406926406926,0.34600000000000003,0.4719834069439333,4.0,6.4,3.6,6.0
rf_full,signo_zodiacal_tauro,54,0.5,0.6000000000000001,0.6111111111111112,0.5800000000000001,0.5861244019138756,0.6819999999999999,0.6812698386065259,5.8,3.8,6.2,4.2
rf_full,signo_zodiacal_tauro,55,0.5,0.45,0.42534798534798535,0.37999999999999995,0.3873932716899469,0.45599999999999996,0.5477394390954762,3.8,4.8,5.2,6.2
rf_full,signo_zodiacal_tauro,56,0.5,0.42000000000000004,0.3972222222222222,0.42000000000000004,0.4059542796384902,0.45099999999999996,0.5423153523463121,4.2,5.8,4.2,5.8
rf_full,signo_zodiacal_tauro,57,0.5,0.49000000000000005,0.4833333333333333,0.5199999999999999,0.48731934731934734,0.508,0.5634750608868255,5.2,5.4,4.6,4.8
rf_full,signo_zodiacal_tauro,58,0.5,0.38,0.38217782217782215,0.44000000000000006,0.4035971258068445,0.33799999999999997,0.4709702767133107,4.4,6.8,3.2,5.6
rf_full,signo_zodiacal_tauro,59,0.5,0.49000000000000005,0.4878510378510378,0.45999999999999996,0.46349961453272803,0.44799999999999995,0.5561454111763708,4.6,4.8,5.2,5.4
rf_full,signo_zodiacal_tauro,60,0.5,0.5,0.4533333333333333,0.33999999999999997,0.3822222222222222,0.5050000000000001,0.576479491698532,3.4,3.4,6.6,6.6
rf_full,signo_zodiacal_tauro,61,0.5,0.51,0.504047619047619,0.45999999999999996,0.47001513587891297,0.532,0.5896888552623846,4.6,4.4,5.6,5.4
rf_full,signo_zodiacal_tauro,62,0.5,0.53,0.5076923076923077,0.52,0.5012845849802371,0.572,0.5560912139116473,5.2,4.6,5.4,4.8
rf_full,signo_zodiacal_tauro,63,0.5,0.41000000000000003,0.39999999999999997,0.36,0.37836257309941523,0.42000000000000004,0.4756321554262731,3.6,5.4,4.6,6.4
rf_full,signo_zodiacal_tauro,64,0.5,0.4600000000000001,0.4867521367521367,0.4999999999999999,0.48082310519381455,0.5149999999999999,0.5919564334873932,5.0,5.8,4.2,5.0
rf_full,signo_zodiacal_tauro,65,0.5,0.5,0.5,0.52,0.491991341991342,0.54,0.5423294576940088,5.2,5.2,4.8,4.8
rf_full,signo_zodiacal_tauro,66,0.5,0.52,0.5244444444444445,0.4,0.4426874003189793,0.491,0.598787184607618,4.0,3.6,6.4,6.0
rf_full,signo_zodiacal_tauro,67,0.5,0.5800000000000001,0.5833333333333333,0.6,0.5818181818181818,0.6010000000000001,0.6184588636337862,6.0,4.4,5.6,4.0
rf_full,signo_zodiacal_tauro,68,0.5,0.52,0.5405555555555555,0.5,0.5094795321637426,0.542,0.5860070839892821,5.0,4.6,5.4,5.0
rf_full,signo_zodiacal_tauro,69,0.5,0.5900000000000001,0.6061605061605062,0.6000000000000001,0.5941534453043404,0.579,0.6169562638943444,6.0,4.2,5.8,4.0
rf_full,signo_zodiacal_tauro,70,0.5,0.5700000000000001,0.5842207792207792,0.54,0.5563772175536881,0.525,0.6031530522281296,5.4,4.0,6.0,4.6
rf_full,signo_zodiacal_tauro,71,0.5,0.43,0.42662337662337657,0.48,0.44523809523809527,0.394,0.46921254725666495,4.8,6.2,3.8,5.2
rf_full,signo_zodiacal_tauro,72,0.5,0.55,0.5562770562770563,0.45999999999999996,0.4947478991596638,0.584,0.6742142095950145,4.6,3.6,6.4,5.4
rf_full,signo_zodiacal_tauro,73,0.5,0.41999999999999993,0.41904761904761906,0.38,0.38535353535353534,0.40700000000000003,0.4924396936912417,3.8,5.4,4.6,6.2
rf_full,signo_zodiacal_tauro,74,0.5,0.41,0.42693528693528693,0.41999999999999993,0.4180369314357738,0.4109999999999999,0.49673033605541345,4.2,6.0,4.0,5.8
rf_full,signo_zodiacal_tauro,75,0.5,0.56,0.561965811965812,0.5800000000000001,0.5668816309548574,0.649,0.6955267946707574,5.8,4.6,5.4,4.2
rf_full,signo_zodiacal_tauro,76,0.5,0.55,0.5566666666666666,0.48,0.5142690058479532,0.5900000000000001,0.643708527798311,4.8,3.8,6.2,5.2
rf_full,signo_zodiacal_tauro,77,0.5,0.5,0.509059829059829,0.6,0.5459588100686499,0.5189999999999999,0.5870215507746467,6.0,6.0,4.0,4.0
rf_full,signo_zodiacal_tauro,78,0.5,0.5599999999999999,0.5638888888888889,0.5599999999999999,0.5580010632642212,0.51,0.5403518687195159,5.6,4.4,5.6,4.4
rf_full,signo_zodiacal_tauro,79,0.5,0.48,0.46646464646464647,0.5,0.46987286397812716,0.449,0.5299671717171717,5.0,5.4,4.6,5.0
rf_full,signo_zodiacal_tauro,80,0.5,0.43,0.4404761904761905,0.45999999999999996,0.4448306595365419,0.40499999999999997,0.4968498825735669,4.6,6.0,4.0,5.4
rf_full,signo_zodiacal_tauro,81,0.5,0.54,0.5753113553113554,0.54,0.5345234441602729,0.499,0.5790919264773754,5.4,4.6,5.4,4.6
rf_full,signo_zodiacal_tauro,82,0.5,0.44000000000000006,0.4341666666666667,0.5,0.4543589743589743,0.40599999999999997,0.4885694124417034,5.0,6.2,3.8,5.0
rf_full,signo_zodiacal_tauro,83,0.5,0.53,0.5456410256410257,0.52,0.5223276240667545,0.536,0.5609555254686833,5.2,4.6,5.4,4.8
rf_full,signo_zodiacal_tauro,84,0.5,0.53,0.5309090909090909,0.5799999999999998,0.5534199134199135,0.475,0.5434912120043698,5.8,5.2,4.8,4.2
rf_full,signo_zodiacal_tauro,85,0.5,0.51,0.4675213675213675,0.5000000000000001,0.4665503832551887,0.5589999999999999,0.5625652213283793,5.0,4.8,5.2,5.0
rf_full,signo_zodiacal_tauro,86,0.5,0.42000000000000004,0.4166666666666667,0.4,0.40669856459330145,0.41,0.5182882324074275,4.0,5.6,4.4,6.0
rf_full,signo_zodiacal_tauro,87,0.5,0.42000000000000004,0.4249267399267399,0.42000000000000004,0.41604123072153765,0.384,0.4995355149666295,4.2,5.8,4.2,5.8
rf_full,signo_zodiacal_tauro,88,0.5,0.61,0.5985714285714285,0.7,0.6402551834130781,0.556,0.5641340418267663,7.0,4.8,5.2,3.0
rf_full,signo_zodiacal_tauro,89,0.5,0.41,0.4072766122766122,0.42000000000000004,0.4109665468017871,0.39699999999999996,0.4888072215881813,4.2,6.0,4.0,5.8
rf_full,signo_zodiacal_tauro,90,0.5,0.55,0.5757575757575758,0.5,0.5287593984962407,0.554,0.5863748539042657,5.0,4.0,6.0,5.0
rf_full,signo_zodiacal_tauro,91,0.5,0.53,0.5419336219336219,0.52,0.5249267553911516,0.5439999999999999,0.6033783059046216,5.2,4.6,5.4,4.8
rf_full,signo_zodiacal_tauro,92,0.5,0.5000000000000001,0.5166666666666666,0.54,0.5170995670995671,0.418,0.5031709451539172,5.4,5.4,4.6,4.6
rf_full,signo_zodiacal_tauro,93,0.5,0.5700000000000001,0.5698917748917749,0.52,0.5404334365325077,0.5539999999999999,0.5846695983754807,5.2,3.8,6.2,4.8
rf_full,signo_zodiacal_tauro,94,0.5,0.47000000000000003,0.46071428571428574,0.36,0.3923775570834394,0.42700000000000005,0.5361304673998173,3.6,4.2,5.8,6.4
rf_full,signo_zodiacal_tauro,95,0.5,0.5599999999999999,0.5500505050505051,0.5,0.5197076023391813,0.54,0.5768775760703005,5.0,3.8,6.2,5.0
rf_full,signo_zodiacal_tauro,96,0.5,0.44000000000000006,0.4321367521367522,0.52,0.46993135011441645,0.438,0.5303682067846154,5.2,6.4,3.6,4.8
rf_full,signo_zodiacal_tauro,97,0.5,0.6,0.6015584415584415,0.5799999999999998,0.5874509803921568,0.532,0.5819463787846141,5.8,3.8,6.2,4.2
rf_full,signo_zodiacal_tauro,98,0.5,0.5599999999999999,0.5946886446886446,0.54,0.5568668241167904,0.5650000000000001,0.6883138646699017,5.4,4.2,5.8,4.6
rf_full,signo_zodiacal_tauro,99,0.5,0.52,0.5516666666666666,0.5,0.4997876509455457,0.47800000000000004,0.5243624996434594,5.0,4.6,5.4,5.0
rf_full,signo_zodiacal_tauro,100,0.5,0.52,0.5222222222222221,0.5,0.5105263157894737,0.47800000000000004,0.5495006958126153,5.0,4.6,5.4,5.0
rf_full,signo_zodiacal_tauro,101,0.5,0.55,0.5479797979797979,0.58,0.5611756664388243,0.5309999999999999,0.5514568378817606,5.8,4.8,5.2,4.2
rf_full,signo_zodiacal_tauro,102,0.5,0.4600000000000001,0.4435897435897435,0.45999999999999996,0.44087809036658143,0.40099999999999997,0.4713869545487192,4.6,5.4,4.6,5.4
rf_full,signo_zodiacal_tauro,103,0.5,0.53,0.5290909090909091,0.5399999999999999,0.5342857142857143,0.49700000000000005,0.5214719698086571,5.4,4.8,5.2,4.6
rf_full,signo_zodiacal_tauro,104,0.5,0.4800000000000001,0.4867016317016318,0.52,0.4989221406612711,0.48600000000000004,0.5565755355755355,5.2,5.6,4.4,4.8
rf_full,signo_zodiacal_tauro,105,0.5,0.53,0.5444444444444445,0.5999999999999999,0.5540976567292357,0.584,0.6526043466337583,6.0,5.4,4.6,4.0
rf_full,signo_zodiacal_tauro,106,0.5,0.5900000000000001,0.5854545454545454,0.62,0.6019047619047619,0.578,0.5802079868875535,6.2,4.4,5.6,3.8
rf_full,signo_zodiacal_tauro,107,0.5,0.42000000000000004,0.41168498168498163,0.36,0.37237541656978995,0.36699999999999994,0.4704795019222264,3.6,5.2,4.8,6.4
rf_full,signo_zodiacal_tauro,108,0.5,0.49000000000000005,0.4916666666666667,0.52,0.49911111111111117,0.48600000000000004,0.5342857681534152,5.2,5.4,4.6,4.8
rf_full,signo_zodiacal_tauro,109,0.5,0.5599999999999999,0.5583333333333333,0.5599999999999999,0.5545454545454546,0.53,0.553875744568469,5.6,4.4,5.6,4.4
rf_full,signo_zodiacal_tauro,110,0.5,0.38,0.3820454545454545,0.36,0.35316849816849816,0.38099999999999995,0.49622062517805554,3.6,6.0,4.0,6.4
rf_full,signo_zodiacal_tauro,111,0.5,0.63,0.6301476301476301,0.6599999999999999,0.641386073880353,0.5940000000000001,0.6223493811829724,6.6,4.0,6.0,3.4
rf_full,signo_zodiacal_tauro,112,0.5,0.43,0.42272727272727273,0.42000000000000004,0.419047619047619,0.522,0.6094993966302015,4.2,5.6,4.4,5.8
rf_full,signo_zodiacal_tauro,113,0.5,0.43000000000000005,0.40476800976800975,0.4,0.39875443083411855,0.46099999999999997,0.5359629624761204,4.0,5.4,4.6,6.0
rf_full,signo_zodiacal_tauro,114,0.5,0.4,0.40512820512820513,0.4,0.3959954233409611,0.43200000000000005,0.5434513383073754,4.0,6.0,4.0,6.0
rf_full,signo_zodiacal_tauro,115,0.5,0.4600000000000001,0.4511616161616162,0.45999999999999996,0.45330143540669854,0.499,0.5431505885755112,4.6,5.4,4.6,5.4
rf_full,signo_zodiacal_tauro,116,0.5,0.44000000000000006,0.43852813852813854,0.4,0.413598166539343,0.41600000000000004,0.5237112183482152,4.0,5.2,4.8,6.0
rf_full,signo_zodiacal_tauro,117,0.5,0.65,0.6637373737373737,0.6399999999999999,0.6492731829573934,0.658,0.6736826963885788,6.4,3.4,6.6,3.6
rf_full,signo_zodiacal_tauro,118,0.5,0.45,0.47365079365079354,0.44000000000000006,0.44754385964912285,0.45,0.5550066883580815,4.4,5.4,4.6,5.6
rf_full,signo_zodiacal_tauro,119,0.5,0.45,0.4472979797979798,0.48,0.4495651716704348,0.42699999999999994,0.4957209915987006,4.8,5.8,4.2,5.2
rf_full,signo_zodiacal_tauro,120,0.5,0.51,0.5111111111111111,0.52,0.5123338649654439,0.515,0.5230500229045121,5.2,5.0,5.0,4.8
rf_full,signo_zodiacal_tauro,121,0.5,0.53,0.5253968253968254,0.58,0.5476874003189792,0.512,0.5686096213727793,5.8,5.2,4.8,4.2
rf_full,signo_zodiacal_tauro,122,0.5,0.5199999999999999,0.5166233766233767,0.5,0.5038061285120109,0.46900000000000003,0.5165201481525011,5.0,4.6,5.4,5.0
rf_full,signo_zodiacal_tauro,123,0.5,0.5199999999999999,0.5308669108669108,0.45999999999999996,0.4800673038093956,0.491,0.5438789205290753,4.6,4.2,5.8,5.4
rf_full,signo_zodiacal_tauro,124,0.5,0.43,0.43519480519480513,0.42000000000000004,0.42342272794285185,0.43499999999999994,0.522229613953298,4.2,5.6,4.4,5.8
rf_full,signo_zodiacal_tauro,125,0.5,0.51,0.5353535353535352,0.41999999999999993,0.45151339888181996,0.55,0.6010543225264586,4.2,4.0,6.0,5.8
rf_full,signo_zodiacal_tauro,126,0.5,0.59,0.628095238095238,0.52,0.5609744503862151,0.7040000000000001,0.7154087552454425,5.2,3.4,6.6,4.8
rf_full,signo_zodiacal_tauro,127,0.5,0.58,0.5627594627594628,0.6599999999999999,0.603917402201155,0.531,0.5424154179154179,6.6,5.0,5.0,3.4
rf_full,signo_zodiacal_tauro,128,0.5,0.4600000000000001,0.4616161616161616,0.4,0.42706766917293226,0.426,0.49510071344204476,4.0,4.8,5.2,6.0
rf_full,signo_zodiacal_tauro,129,0.5,0.37,0.3538095238095238,0.34,0.3360331825037708,0.36700000000000005,0.46058557498572983,3.4,6.0,4.0,6.6
rf_full,signo_zodiacal_tauro,130,0.5,0.49000000000000005,0.4349650349650349,0.5,0.4606280193236715,0.46299999999999997,0.5481449646844384,5.0,5.2,4.8,5.0
rf_full,signo_zodiacal_tauro,131,0.5,0.55,0.5394444444444444,0.5,0.5136469962785752,0.619,0.6313610725359952,5.0,4.0,6.0,5.0
rf_full,signo_zodiacal_tauro,132,0.5,0.5900000000000001,0.5900000000000001,0.5599999999999999,0.5713662945241893,0.62,0.6527733198174375,5.6,3.8,6.2,4.4
rf_full,signo_zodiacal_tauro,133,0.5,0.41000000000000003,0.3845887445887446,0.33999999999999997,0.3553707798909037,0.377,0.4812011809999426,3.4,5.2,4.8,6.6
rf_full,signo_zodiacal_tauro,134,0.5,0.5,0.47619047619047616,0.27999999999999997,0.339185520361991,0.47800000000000004,0.5160563662343849,2.8,2.8,7.2,7.2
rf_full,signo_zodiacal_tauro,135,0.5,0.59,0.5663203463203462,0.64,0.5933761140819964,0.649,0.669750045705928,6.4,4.6,5.4,3.6
rf_full,signo_zodiacal_tauro,136,0.5,0.45999999999999996,0.4444444444444445,0.38,0.40730994152046784,0.43899999999999995,0.4956472220589868,3.8,4.6,5.4,6.2
rf_full,signo_zodiacal_tauro,137,0.5,0.42000000000000004,0.4216666666666667,0.43999999999999995,0.4284848484848484,0.434,0.5072518651798837,4.4,6.0,4.0,5.6
rf_full,signo_zodiacal_tauro,138,0.5,0.4800000000000001,0.48397435897435903,0.54,0.504906039803065,0.48600000000000004,0.5279034276696815,5.4,5.8,4.2,4.6
rf_full,signo_zodiacal_tauro,139,0.5,0.49000000000000005,0.48571428571428577,0.4600000000000001,0.4665478312537136,0.5189999999999999,0.5723644856175817,4.6,4.8,5.2,5.4
rf_full,signo_zodiacal_tauro,140,0.5,0.37999999999999995,0.3159090909090909,0.32,0.3164502164502164,0.35100000000000003,0.4546715610670719,3.2,5.6,4.4,6.8
rf_full,signo_zodiacal_tauro,141,0.5,0.4800000000000001,0.47000000000000003,0.5,0.4826262626262626,0.43999999999999995,0.4869425466174692,5.0,5.4,4.6,5.0
rf_full,signo_zodiacal_tauro,142,0.5,0.54,0.5490909090909091,0.5,0.5061746031746032,0.45099999999999996,0.5284898161693828,5.0,4.2,5.8,5.0
rf_full,signo_zodiacal_tauro,143,0.5,0.47000000000000003,0.46706349206349207,0.4,0.4292053663570691,0.421,0.5430040247849846,4.0,4.6,5.4,6.0
rf_full,signo_zodiacal_tauro,144,0.5,0.49000000000000005,0.4954822954822955,0.45999999999999996,0.47214968367209587,0.43200000000000005,0.48567815560772215,4.6,4.8,5.2,5.4
rf_full,signo_zodiacal_tauro,145,0.5,0.47000000000000003,0.4746031746031746,0.48,0.47368421052631576,0.517,0.6093073315573315,4.8,5.4,4.6,5.2
rf_full,signo_zodiacal_tauro,146,0.5,0.5800000000000001,0.5883333333333333,0.62,0.597063264221159,0.6060000000000001,0.6498894363290647,6.2,4.6,5.4,3.8
rf_full,signo_zodiacal_tauro,147,0.5,0.5800000000000001,0.5755133755133754,0.6,0.5808601951286028,0.5640000000000001,0.62342498961307,6.0,4.4,5.6,4.0
rf_full,signo_zodiacal_tauro,148,0.5,0.4800000000000001,0.4792540792540792,0.58,0.5240730284208545,0.47400000000000003,0.5513421511409127,5.8,6.2,3.8,4.2
rf_full,signo_zodiacal_tauro,149,0.5,0.6799999999999999,0.7165079365079364,0.6,0.6464860681114551,0.6459999999999999,0.71257151835093,6.0,2.4,7.6,4.0
rf_full,signo_zodiacal_tauro,150,0.5,0.45,0.45642135642135634,0.48,0.4635756056808688,0.51,0.597393355011002,4.8,5.8,4.2,5.2
rf_full,signo_zodiacal_tauro,151,0.5,0.52,0.49138639138639134,0.5599999999999999,0.5172941945656981,0.497,0.5354699548817197,5.6,5.2,4.8,4.4
rf_full,signo_zodiacal_tauro,152,0.5,0.6100000000000001,0.6113888888888889,0.6399999999999999,0.6160053981106612,0.6020000000000001,0.6409283402356157,6.4,4.2,5.8,3.6
rf_full,signo_zodiacal_tauro,153,0.5,0.63,0.671965811965812,0.5399999999999999,0.5820544113907958,0.6399999999999999,0.6381566472742943,5.4,2.8,7.2,4.6
rf_full,signo_zodiacal_tauro,154,0.5,0.52,0.5059052059052059,0.52,0.5087210780574625,0.501,0.5449966596011487,5.2,4.8,5.2,4.8
rf_full,signo_zodiacal_tauro,155,0.5,0.41000000000000003,0.408051948051948,0.44000000000000006,0.418296918767507,0.43,0.5477907582613465,4.4,6.2,3.8,5.6
rf_full,signo_zodiacal_tauro,156,0.5,0.53,0.5190476190476191,0.5,0.50291146761735,0.587,0.6097083343213374,5.0,4.4,5.6,5.0
rf_full,signo_zodiacal_tauro,157,0.5,0.4600000000000001,0.43824175824175826,0.45999999999999996,0.44112531969309465,0.44799999999999995,0.49502478077478074,4.6,5.4,4.6,5.4
rf_full,signo_zodiacal_tauro,158,0.5,0.52,0.5497802197802197,0.48,0.5068258027848821,0.575,0.621765077457802,4.8,4.4,5.6,5.2
rf_full,signo_zodiacal_tauro,159,0.5,0.48999999999999994,0.48187590187590185,0.4,0.42527495208609756,0.513,0.6165881432808676,4.0,4.2,5.8,6.0
rf_full,signo_zodiacal_tauro,160,0.5,0.6,0.6085858585858586,0.58,0.5914786967418546,0.606,0.6602559293132048,5.8,3.8,6.2,4.2
rf_full,signo_zodiacal_tauro,161,0.5,0.48,0.49155011655011654,0.5,0.4904950122341427,0.4659999999999999,0.6055869240838281,5.0,5.4,4.6,5.0
rf_full,signo_zodiacal_tauro,162,0.5,0.57,0.5812409812409813,0.5599999999999999,0.565767359575409,0.563,0.5798510976467632,5.6,4.2,5.8,4.4
rf_full,signo_zodiacal_tauro,163,0.5,0.42000000000000004,0.42750000000000005,0.45999999999999996,0.437165991902834,0.35800000000000004,0.4716183112553082,4.6,6.2,3.8,5.4
rf_full,signo_zodiacal_tauro,164,0.5,0.42000000000000004,0.37335164835164836,0.4,0.3814009661835749,0.385,0.4916884330839439,4.0,5.6,4.4,6.0
rf_full,signo_zodiacal_tauro,165,0.5,0.4600000000000001,0.45444444444444443,0.44000000000000006,0.4385964912280701,0.40700000000000003,0.5129942296265825,4.4,5.2,4.8,5.6
rf_full,signo_zodiacal_tauro,166,0.5,0.43,0.4325252525252525,0.42000000000000004,0.42452798663324975,0.40099999999999997,0.5277035311609615,4.2,5.6,4.4,5.8
rf_full,signo_zodiacal_tauro,167,0.5,0.55,0.5366666666666667,0.6,0.5601616161616162,0.5519999999999999,0.5805482536039812,6.0,5.0,5.0,4.0
rf_full,signo_zodiacal_tauro,168,0.5,0.5599999999999999,0.5709340659340659,0.4800000000000001,0.5050314618601063,0.522,0.5954733213982439,4.8,3.6,6.4,5.2
rf_full,signo_zodiacal_tauro,169,0.5,0.6,0.6033333333333333,0.5800000000000001,0.5876767676767678,0.562,0.6101310515250145,5.8,3.8,6.2,4.2
rf_full,signo_zodiacal_tauro,170,0.5,0.45,0.4554195804195804,0.42000000000000004,0.42459627329192545,0.41899999999999993,0.5306573459220518,4.2,5.2,4.8,5.8
rf_full,signo_zodiacal_tauro,171,0.5,0.53,0.5240981240981242,0.45999999999999996,0.4841847265221878,0.495,0.6065382328369944,4.6,4.0,6.0,5.4
rf_full,signo_zodiacal_tauro,172,0.5,0.45,0.4488888888888889,0.34,0.3791311612364244,0.43,0.5080492653201631,3.4,4.4,5.6,6.6
rf_full,signo_zodiacal_tauro,173,0.5,0.44000000000000006,0.4412121212121212,0.47999999999999987,0.45848257006151744,0.41600000000000004,0.5413246773865968,4.8,6.0,4.0,5.2
rf_full,signo_zodiacal_tauro,174,0.5,0.4600000000000001,0.462972582972583,0.42000000000000004,0.43777679492849775,0.42800000000000005,0.5355786272550979,4.2,5.0,5.0,5.8
rf_full,signo_zodiacal_tauro,175,0.5,0.5,0.5,0.48,0.48730158730158724,0.475,0.5538948067756116,4.8,4.8,5.2,5.2
rf_full,signo_zodiacal_tauro,176,0.5,0.48,0.503968253968254,0.48,0.48654658035462994,0.442,0.517562206799049,4.8,5.2,4.8,5.2
rf_full,signo_zodiacal_tauro,177,0.5,0.5799999999999998,0.5729870129870129,0.54,0.5528104575163398,0.6209999999999999,0.6650485805044628,5.4,3.8,6.2,4.6
rf_full,signo_zodiacal_tauro,178,0.5,0.4600000000000001,0.4459090909090909,0.5,0.4659047619047619,0.43099999999999994,0.5293932385124335,5.0,5.8,4.2,5.0
rf_full,signo_zodiacal_tauro,179,0.5,0.54,0.5505494505494506,0.5,0.5056199554920783,0.473,0.5673496046437222,5.0,4.2,5.8,5.0
rf_full,signo_zodiacal_tauro,180,0.5,0.48,0.479004329004329,0.56,0.5097657244716067,0.44299999999999995,0.5266659827101003,5.6,6.0,4.0,4.4
rf_full,signo_zodiacal_tauro,181,0.5,0.5700000000000001,0.5942424242424242,0.52,0.5425108225108225,0.5960000000000001,0.6223969070145541,5.2,3.8,6.2,4.8
rf_full,signo_zodiacal_tauro,182,0.5,0.5900000000000001,0.5860761460761461,0.6399999999999999,0.6094265307537619,0.637,0.6949831067625185,6.4,4.6,5.4,3.6
rf_full,signo_zodiacal_tauro,183,0.5,0.53,0.5248484848484848,0.6199999999999999,0.5656623376623376,0.509,0.5359122033796956,6.2,5.6,4.4,3.8
rf_full,signo_zodiacal_tauro,184,0.5,0.4700000000000001,0.4883333333333333,0.5199999999999999,0.48875362318840576,0.507,0.5640247428010585,5.2,5.8,4.2,4.8
rf_full,signo_zodiacal_tauro,185,0.5,0.56,0.5538888888888889,0.54,0.5343216374269005,0.581,0.6244141393522199,5.4,4.2,5.8,4.6
rf_full,signo_zodiacal_tauro,186,0.5,0.49000000000000005,0.492987012987013,0.54,0.50901247771836,0.477,0.535408386333309,5.4,5.6,4.4,4.6
rf_full,signo_zodiacal_tauro,187,0.5,0.44000000000000006,0.44222222222222224,0.38,0.39961722488038276,0.39899999999999997,0.5019949417627436,3.8,5.0,5.0,6.2
rf_full,signo_zodiacal_tauro,188,0.5,0.47000000000000003,0.4554390054390055,0.4800000000000001,0.4610691749135685,0.45500000000000007,0.5424609685979653,4.8,5.4,4.6,5.2
rf_full,signo_zodiacal_tauro,189,0.5,0.47000000000000003,0.4866955266955267,0.44000000000000006,0.4591006929087424,0.45999999999999996,0.5286967287098866,4.4,5.0,5.0,5.6
rf_full,signo_zodiacal_tauro,190,0.5,0.52,0.5708791208791208,0.45999999999999996,0.48270917062477164,0.5690000000000001,0.5780707703029684,4.6,4.2,5.8,5.4
rf_full,signo_zodiacal_tauro,191,0.5,0.5399999999999999,0.5433838383838384,0.54,0.5387985114300904,0.5479999999999999,0.6177953794571442,5.4,4.6,5.4,4.6
rf_full,signo_zodiacal_tauro,192,0.5,0.6199999999999999,0.6581684981684981,0.5199999999999999,0.5550422978555971,0.599,0.6512598610539786,5.2,2.8,7.2,4.8
rf_full,signo_zodiacal_tauro,193,0.5,0.51,0.49632034632034633,0.43999999999999995,0.4635706914344685,0.42799999999999994,0.4892921349376458,4.4,4.2,5.8,5.6
rf_full,signo_zodiacal_tauro,194,0.5,0.4600000000000001,0.4417857142857143,0.45999999999999996,0.43800043094160745,0.38499999999999995,0.4742294455630369,4.6,5.4,4.6,5.4
rf_full,signo_zodiacal_tauro,195,0.5,0.5900000000000001,0.5805555555555555,0.5599999999999999,0.5671451355661882,0.6130000000000001,0.5833568637245106,5.6,3.8,6.2,4.4
rf_full,signo_zodiacal_tauro,196,0.5,0.53,0.5420634920634921,0.45999999999999996,0.4958720330237358,0.507,0.5767890436876505,4.6,4.0,6.0,5.4
rf_full,signo_zodiacal_tauro,197,0.5,0.39,0.3981196581196581,0.4600000000000001,0.4246057832327855,0.34500000000000003,0.45941731677335385,4.6,6.8,3.2,5.4
rf_full,signo_zodiacal_tauro,198,0.5,0.47000000000000003,0.45515873015873015,0.42000000000000004,0.43294868186509056,0.48600000000000004,0.5512117692249271,4.2,4.8,5.2,5.8
rf_full,signo_zodiacal_tauro,199,0.5,0.4,0.3819230769230769,0.38,0.3680676328502416,0.395,0.5169734242365822,3.8,5.8,4.2,6.2
rf_full,signo_zodiacal_tauro,200,0.5,0.38,0.3500854700854701,0.32000000000000006,0.3203802147509241,0.351,0.48331627179150394,3.2,5.6,4.4,6.8
rf_full,signo_zodiacal_tauro,201,0.5,0.47000000000000003,0.4833333333333333,0.48,0.47450042217844074,0.496,0.5297273735036894,4.8,5.4,4.6,5.2
rf_full,signo_zodiacal_tauro,202,0.5,0.61,0.6276190476190476,0.54,0.5741176470588234,0.6599999999999999,0.6704671974052779,5.4,3.2,6.8,4.6
rf_full,signo_zodiacal_tauro,203,0.5,0.38,0.33897435897435896,0.31999999999999995,0.32250572082379864,0.328,0.4654571036119023,3.2,5.6,4.4,6.8
rf_full,signo_zodiacal_tauro,204,0.5,0.55,0.5603571428571429,0.52,0.522219708396179,0.556,0.5973389357460565,5.2,4.2,5.8,4.8
rf_full,signo_zodiacal_tauro,205,0.5,0.58,0.5874242424242424,0.58,0.5808035239614187,0.57,0.6318755580504807,5.8,4.2,5.8,4.2
rf_full,signo_zodiacal_tauro,206,0.5,0.52,0.5224358974358975,0.6199999999999999,0.561374615722442,0.5660000000000001,0.6452104280308615,6.2,5.8,4.2,3.8
rf_full,signo_zodiacal_tauro,207,0.5,0.53,0.5353535353535352,0.45999999999999996,0.48395989974937337,0.5740000000000001,0.5996492755610403,4.6,4.0,6.0,5.4
rf_full,signo_zodiacal_tauro,208,0.5,0.43,0.41090909090909095,0.44000000000000006,0.4158845598845599,0.45899999999999996,0.4936408601718199,4.4,5.8,4.2,5.6
rf_full,signo_zodiacal_tauro,209,0.5,0.61,0.5903496503496504,0.6599999999999999,0.6030611707133445,0.6490000000000001,0.6677652327033131,6.6,4.4,5.6,3.4
rf_full,signo_zodiacal_tauro,210,0.5,0.43000000000000005,0.39970029970029974,0.42000000000000004,0.4049567653148216,0.41500000000000004,0.547493984000176,4.2,5.6,4.4,5.8
rf_full,signo_zodiacal_tauro,211,0.5,0.5199999999999999,0.505874125874126,0.52,0.5036438923395445,0.5740000000000001,0.6140497631023947,5.2,4.8,5.2,4.8
rf_full,signo_zodiacal_tauro,212,0.5,0.5,0.5119347319347318,0.5,0.49697722567287783,0.518,0.6034168701095945,5.0,5.0,5.0,5.0
rf_full,signo_zodiacal_tauro,213,0.5,0.5,0.51001221001221,0.56,0.5247431237941401,0.51,0.5556330136152118,5.6,5.6,4.4,4.4
rf_full,signo_zodiacal_tauro,214,0.5,0.53,0.5411616161616161,0.52,0.5227726178190574,0.569,0.6158741233826373,5.2,4.6,5.4,4.8
rf_full,signo_zodiacal_tauro,215,0.5,0.37,0.36787878787878786,0.42000000000000004,0.38294705294705295,0.41899999999999993,0.48947841193893826,4.2,6.8,3.2,5.8
rf_full,signo_zodiacal_tauro,216,0.5,0.39,0.36857142857142855,0.32,0.33852941176470586,0.37899999999999995,0.4799046127591019,3.2,5.4,4.6,6.8
rf_full,signo_zodiacal_tauro,217,0.5,0.48,0.4698051948051948,0.48,0.46972243442831674,0.44799999999999995,0.5204278215764284,4.8,5.2,4.8,5.2
rf_full,signo_zodiacal_tauro,218,0.5,0.49000000000000005,0.4848351648351648,0.4,0.42657573174197216,0.5,0.5298585837966643,4.0,4.2,5.8,6.0
rf_full,signo_zodiacal_tauro,219,0.5,0.5,0.4979904306220096,0.5599999999999999,0.5091215106732349,0.508,0.5755049541961307,5.6,5.6,4.4,4.4
rf_full,signo_zodiacal_tauro,220,0.5,0.59,0.6001587301587301,0.52,0.5555005159958719,0.6000000000000001,0.6233231484717553,5.2,3.4,6.6,4.8
rf_full,signo_zodiacal_tauro,221,0.5,0.49000000000000005,0.48567210567210567,0.54,0.5093262801271954,0.425,0.5039414970134783,5.4,5.6,4.4,4.6
rf_full,signo_zodiacal_tauro,222,0.5,0.5200000000000001,0.5166666666666667,0.58,0.5463203463203463,0.5349999999999999,0.5971615520702208,5.8,5.4,4.6,4.2
rf_full,signo_zodiacal_tauro,223,0.5,0.35,0.33298368298368297,0.32,0.32074933711089315,0.36100000000000004,0.4639585784013029,3.2,6.2,3.8,6.8
rf_full,signo_zodiacal_tauro,224,0.5,0.44000000000000006,0.43611111111111106,0.42000000000000004,0.42599681020733654,0.44799999999999995,0.5355422920732519,4.2,5.4,4.6,5.8
rf_full,signo_zodiacal_tauro,225,0.5,0.42000000000000004,0.4263675213675214,0.4,0.40906178489702516,0.417,0.48429972865112186,4.0,5.6,4.4,6.0
rf_full,signo_zodiacal_tauro,226,0.5,0.5700000000000001,0.5668831168831169,0.5,0.5208301502419149,0.62,0.6341970415205709,5.0,3.6,6.4,5.0
rf_full,signo_zodiacal_tauro,227,0.5,0.4800000000000001,0.49474747474747477,0.41999999999999993,0.4455806182121972,0.4620000000000001,0.5578660055115163,4.2,4.6,5.4,5.8
rf_full,signo_zodiacal_tauro,228,0.5,0.41,0.3384920634920635,0.34,0.3350877192982456,0.36,0.44392877650385393,3.4,5.2,4.8,6.6
rf_full,signo_zodiacal_tauro,229,0.5,0.5,0.5141858141858142,0.5199999999999999,0.5108147606868835,0.5239999999999999,0.5933807222189575,5.2,5.2,4.8,4.8
rf_full,signo_zodiacal_tauro,230,0.5,0.5800000000000001,0.573968253968254,0.52,0.5383647621728117,0.587,0.6494487016251721,5.2,3.6,6.4,4.8
rf_full,signo_zodiacal_tauro,231,0.5,0.39,0.3896031746031746,0.4,0.3908771929824561,0.32700000000000007,0.43609945755998386,4.0,6.2,3.8,6.0
rf_full,signo_zodiacal_tauro,232,0.5,0.49000000000000005,0.47064102564102567,0.4600000000000001,0.46045893719806763,0.517,0.5568224069532118,4.6,4.8,5.2,5.4
rf_full,signo_zodiacal_tauro,233,0.5,0.54,0.5688888888888888,0.36000000000000004,0.4375438596491228,0.579,0.6301458263958264,3.6,2.8,7.2,6.4
rf_full,signo_zodiacal_tauro,234,0.5,0.5,0.5224603174603175,0.48,0.49296869625042994,0.505,0.5796967172834046,4.8,4.8,5.2,5.2
rf_full,signo_zodiacal_tauro,235,0.5,0.42000000000000004,0.3560606060606061,0.4,0.3766233766233766,0.43600000000000005,0.5601573405954211,4.0,5.6,4.4,6.0
rf_full,signo_zodiacal_tauro,236,0.5,0.53,0.5484126984126985,0.5,0.519082465522094,0.5169999999999999,0.5915693648456806,5.0,4.4,5.6,5.0
rf_full,signo_zodiacal_tauro,237,0.5,0.39,0.3877344877344877,0.34,0.35565886641738037,0.30199999999999994,0.45934863055760894,3.4,5.6,4.4,6.6
rf_full,signo_zodiacal_tauro,238,0.5,0.5599999999999999,0.5490909090909091,0.62,0.5766291486291486,0.5690000000000001,0.6532963348141367,6.2,5.0,5.0,3.8
rf_full,signo_zodiacal_tauro,239,0.5,0.58,0.5813636363636363,0.56,0.5676190476190477,0.616,0.6251720018028067,5.6,4.0,6.0,4.4
rf_full,signo_zodiacal_tauro,240,0.5,0.53,0.5365079365079364,0.4200000000000001,0.4496867167919799,0.553,0.6238379851143009,4.2,3.6,6.4,5.8
rf_full,signo_zodiacal_tauro,241,0.5,0.5700000000000001,0.5956709956709957,0.52,0.5468212643909238,0.615,0.670799670917318,5.2,3.8,6.2,4.8
rf_full,signo_zodiacal_tauro,242,0.5,0.45,0.44893106893106893,0.5199999999999999,0.47325107969609254,0.38500000000000006,0.4570343723184281,5.2,6.2,3.8,4.8
rf_full,signo_zodiacal_tauro,243,0.5,0.4,0.396969696969697,0.44000000000000006,0.4158730158730159,0.364,0.43781103004322813,4.4,6.4,3.6,5.6
rf_full,signo_zodiacal_tauro,244,0.5,0.45000000000000007,0.4632167832167832,0.44000000000000006,0.4427438160618939,0.404,0.4846732515850163,4.4,5.4,4.6,5.6
rf_full,signo_zodiacal_tauro,245,0.5,0.43,0.40888888888888897,0.4800000000000001,0.433766081871345,0.45899999999999996,0.5097885237397621,4.8,6.2,3.8,5.2
rf_full,signo_zodiacal_tauro,246,0.5,0.43,0.43357753357753354,0.44000000000000006,0.43187386042413634,0.36400000000000005,0.4608752973033159,4.4,5.8,4.2,5.6
rf_full,signo_zodiacal_tauro,247,0.5,0.5700000000000001,0.5706349206349207,0.5599999999999999,0.5587953841823811,0.6020000000000001,0.6393698152552642,5.6,4.2,5.8,4.4
rf_full,signo_zodiacal_tauro,248,0.5,0.53,0.5330652680652681,0.58,0.5466335403726708,0.502,0.5465152522915682,5.8,5.2,4.8,4.2
rf_full,signo_zodiacal_tauro,249,0.5,0.55,0.5471861471861471,0.48,0.500916730328495,0.5660000000000001,0.6022385267810964,4.8,3.8,6.2,5.2
rf_full,signo_zodiacal_tauro,250,0.5,0.48,0.485,0.42000000000000004,0.4488888888888889,0.534,0.5870484586792636,4.2,4.6,5.4,5.8
rf_full,signo_zodiacal_tauro,251,0.5,0.56,0.5488344988344989,0.64,0.5902126858648598,0.565,0.6230511524938769,6.4,5.2,4.8,3.6
rf_full,signo_zodiacal_tauro,252,0.5,0.55,0.5542857142857143,0.47999999999999987,0.5070974450386215,0.4990000000000001,0.538619110851309,4.8,3.8,6.2,5.2
rf_full,signo_zodiacal_tauro,253,0.5,0.4699999999999999,0.47132867132867134,0.44000000000000006,0.4431677018633541,0.434,0.519614505979057,4.4,5.0,5.0,5.6
rf_full,signo_zodiacal_tauro,254,0.5,0.53,0.5252525252525253,0.54,0.5318295739348371,0.5439999999999999,0.5984725264415667,5.4,4.8,5.2,4.6
rf_full,signo_zodiacal_tauro,255,0.5,0.39,0.4152780552780553,0.33999999999999997,0.3609827638149081,0.391,0.5269698024713504,3.4,5.6,4.4,6.6
rf_full,signo_zodiacal_tauro,256,0.5,0.54,0.5267243867243867,0.54,0.5240686028797483,0.541,0.5887420188170963,5.4,4.6,5.4,4.6
rf_full,signo_zodiacal_tauro,257,0.5,0.5800000000000001,0.6101648351648352,0.52,0.5553282182438193,0.569,0.6091485895425525,5.2,3.6,6.4,4.8
rf_full,signo_zodiacal_tauro,258,0.5,0.44000000000000006,0.4432167832167832,0.44000000000000006,0.4373636991028295,0.41500000000000004,0.48792105933282404,4.4,5.6,4.4,5.6
rf_full,signo_zodiacal_tauro,259,0.5,0.44000000000000006,0.4271561771561771,0.4600000000000001,0.4405215938396716,0.475,0.5613867527381459,4.6,5.8,4.2,5.4
rf_full,signo_zodiacal_tauro,260,0.5,0.53,0.5419047619047619,0.48,0.4952352941176471,0.5599999999999999,0.5948930507916576,4.8,4.2,5.8,5.2
rf_full,signo_zodiacal_tauro,261,0.5,0.48,0.48229548229548225,0.62,0.5392829900839053,0.488,0.5527691362644923,6.2,6.6,3.4,3.8
rf_full,signo_zodiacal_tauro,262,0.5,0.5,0.5033333333333333,0.54,0.517979797979798,0.484,0.5615304428114026,5.4,5.4,4.6,4.6
rf_full,signo_zodiacal_tauro,263,0.5,0.5,0.5188034188034187,0.42000000000000004,0.440587533493712,0.479,0.5720279509791893,4.2,4.2,5.8,5.8
rf_full,signo_zodiacal_tauro,264,0.5,0.42000000000000004,0.3935353535353535,0.38,0.3821007063112326,0.461,0.5163544686307844,3.8,5.4,4.6,6.2
rf_full,signo_zodiacal_tauro,265,0.5,0.51,0.49437229437229435,0.45999999999999996,0.47253427686864224,0.527,0.5685215411523461,4.6,4.4,5.6,5.4
rf_full,signo_zodiacal_tauro,266,0.5,0.43000000000000005,0.43250249750249753,0.42000000000000004,0.42037023505054194,0.462,0.544730777993936,4.2,5.6,4.4,5.8
rf_full,signo_zodiacal_tauro,267,0.5,0.5800000000000001,0.5875757575757576,0.62,0.5965714285714285,0.5239999999999999,0.5639811654633636,6.2,4.6,5.4,3.8
rf_full,signo_zodiacal_tauro,268,0.5,0.58,0.5947918747918748,0.58,0.5809400739700914,0.583,0.6087356244546646,5.8,4.2,5.8,4.2
rf_full,signo_zodiacal_tauro,269,0.5,0.5,0.49404761904761907,0.45999999999999996,0.46912624699002403,0.496,0.5670830812634218,4.6,4.6,5.4,5.4
rf_full,signo_zodiacal_tauro,270,0.5,0.6100000000000001,0.6813131313131313,0.6,0.5979012215854321,0.591,0.6294244268803093,6.0,3.8,6.2,4.0
rf_full,signo_zodiacal_tauro,271,0.5,0.52,0.5083333333333334,0.5399999999999999,0.5191919191919192,0.542,0.5547282109015856,5.4,5.0,5.0,4.6
rf_full,signo_zodiacal_tauro,272,0.5,0.53,0.5449938949938951,0.54,0.5355584380621398,0.526,0.5708761836718492,5.4,4.8,5.2,4.6
rf_full,signo_zodiacal_tauro,273,0.5,0.53,0.5215584415584414,0.5800000000000001,0.5446464646464646,0.538,0.5787258929580912,5.8,5.2,4.8,4.2
rf_full,signo_zodiacal_tauro,274,0.5,0.54,0.54,0.5,0.515,0.555,0.6010277145455164,5.0,4.2,5.8,5.0
rf_full,signo_zodiacal_tauro,275,0.5,0.49000000000000005,0.47318181818181815,0.4600000000000001,0.45766233766233766,0.47400000000000003,0.5235386825077227,4.6,4.8,5.2,5.4
rf_full,signo_zodiacal_tauro,276,0.5,0.5,0.5077344877344877,0.58,0.5371679197994987,0.5149999999999999,0.5828155296715668,5.8,5.8,4.2,4.2
rf_full,signo_zodiacal_tauro,277,0.5,0.42000000000000004,0.4242535242535242,0.4,0.4068346484284026,0.378,0.4944221099677756,4.0,5.6,4.4,6.0
rf_full,signo_zodiacal_tauro,278,0.5,0.56,0.5490909090909091,0.5199999999999999,0.5276190476190477,0.5780000000000001,0.6050813702121751,5.2,4.0,6.0,4.8
rf_full,signo_zodiacal_tauro,279,0.5,0.49000000000000005,0.4932478632478633,0.54,0.5042223840232993,0.43100000000000005,0.490666102473378,5.4,5.6,4.4,4.6
rf_full,signo_zodiacal_tauro,280,0.5,0.48,0.4738095238095238,0.36,0.39373714520773345,0.475,0.5310466004583652,3.6,4.0,6.0,6.4
rf_full,signo_zodiacal_tauro,281,0.5,0.49000000000000005,0.4884632034632034,0.54,0.5035032679738561,0.542,0.5974883239395623,5.4,5.6,4.4,4.6
rf_full,signo_zodiacal_tauro,282,0.5,0.53,0.5076923076923077,0.5800000000000001,0.5246280193236714,0.49800000000000005,0.5612590640353797,5.8,5.2,4.8,4.2
rf_full,signo_zodiacal_tauro,283,0.5,0.5199999999999999,0.5363553113553113,0.48,0.49513808158309447,0.569,0.6017538915333034,4.8,4.4,5.6,5.2
rf_full,signo_zodiacal_tauro,284,0.5,0.49000000000000005,0.48888888888888893,0.43999999999999995,0.45777511961722483,0.5,0.5906957297088876,4.4,4.6,5.4,5.6
rf_full,signo_zodiacal_tauro,285,0.5,0.37,0.37982850482850483,0.38,0.37478548731745664,0.29600000000000004,0.45859446478873717,3.8,6.4,3.6,6.2
rf_full,signo_zodiacal_tauro,286,0.5,0.45,0.428051948051948,0.36,0.38451914098972917,0.476,0.5568559218559218,3.6,4.6,5.4,6.4
rf_full,signo_zodiacal_tauro,287,0.5,0.48999999999999994,0.5176190476190476,0.4800000000000001,0.4868894830659536,0.4919999999999999,0.5735127305614922,4.8,5.0,5.0,5.2
rf_full,signo_zodiacal_tauro,288,0.5,0.55,0.5775890775890776,0.48,0.5112805991962002,0.4640000000000001,0.5574531338974064,4.8,3.8,6.2,5.2
rf_full,signo_zodiacal_tauro,289,0.5,0.47000000000000003,0.47392385392385383,0.4600000000000001,0.4597488285932222,0.46099999999999997,0.5333936702272617,4.6,5.2,4.8,5.4
rf_full,signo_zodiacal_tauro,290,0.5,0.4600000000000001,0.46763736263736266,0.42000000000000004,0.43754475703324813,0.449,0.5305761934144286,4.2,5.0,5.0,5.8
rf_full,signo_zodiacal_tauro,291,0.5,0.49000000000000005,0.5068160597572362,0.5,0.4838787774546288,0.475,0.5509286824286823,5.0,5.2,4.8,5.0
rf_full,signo_zodiacal_tauro,292,0.5,0.49000000000000005,0.48495670995671,0.44000000000000006,0.45880878667256375,0.5399999999999999,0.5665795315795317,4.4,4.6,5.4,5.6
rf_full,signo_zodiacal_tauro,293,0.5,0.5599999999999999,0.5631590631590632,0.54,0.5449984723103581,0.528,0.6119957275266872,5.4,4.2,5.8,4.6
rf_full,signo_zodiacal_tauro,294,0.5,0.45999999999999996,0.46333333333333326,0.52,0.4890909090909091,0.421,0.4903122170227433,5.2,6.0,4.0,4.8
rf_full,signo_zodiacal_tauro,295,0.5,0.45999999999999996,0.4636363636363637,0.42000000000000004,0.43531746031746027,0.488,0.5386103896103897,4.2,5.0,5.0,5.8
rf_full,signo_zodiacal_tauro,296,0.5,0.48,0.4842424242424242,0.52,0.4961269841269841,0.514,0.6277919553786427,5.2,5.6,4.4,4.8
rf_full,signo_zodiacal_tauro,297,0.5,0.5700000000000001,0.5621212121212121,0.58,0.5685425685425685,0.629,0.6399386969239911,5.8,4.4,5.6,4.2
rf_full,signo_zodiacal_tauro,298,0.5,0.49000000000000005,0.4494805194805195,0.4800000000000001,0.4538095238095238,0.42400000000000004,0.5231675361102606,4.8,5.0,5.0,5.2
rf_full,signo_zodiacal_tauro,299,0.5,0.45999999999999996,0.4611111111111111,0.4,0.416473000683527,0.4549999999999999,0.5119809995645909,4.0,4.8,5.2,6.0
rf_full,signo_zodiacal_tauro,300,0.5,0.43000000000000005,0.4177777777777777,0.42000000000000004,0.4104210526315789,0.386,0.5092781693710486,4.2,5.6,4.4,5.8
rf_full,signo_zodiacal_tauro,301,0.5,0.53,0.5290909090909091,0.4800000000000001,0.49899159663865544,0.5379999999999999,0.5802532636781862,4.8,4.2,5.8,5.2
rf_full,signo_zodiacal_tauro,302,0.5,0.6100000000000001,0.6127428127428127,0.62,0.6123824052885838,0.632,0.6359303474303474,6.2,4.0,6.0,3.8
rf_full,signo_zodiacal_tauro,303,0.5,0.47000000000000003,0.45738095238095233,0.34,0.3866993464052288,0.46399999999999997,0.6090159101304613,3.4,4.0,6.0,6.6
rf_full,signo_zodiacal_tauro,304,0.5,0.5199999999999999,0.5229797979797979,0.5,0.5096073517126148,0.5359999999999999,0.5819330391830391,5.0,4.6,5.4,5.0
rf_full,signo_zodiacal_tauro,305,0.5,0.51,0.5186446886446887,0.6,0.5482204138572425,0.5589999999999999,0.5936274754657107,6.0,5.8,4.2,4.0
rf_full,signo_zodiacal_tauro,306,0.5,0.4,0.40965034965034963,0.48,0.44132881611142477,0.34900000000000003,0.47756037650000493,4.8,6.8,3.2,5.2
rf_full,signo_zodiacal_tauro,307,0.5,0.3,0.25825396825396824,0.21999999999999997,0.2304627879860078,0.24899999999999997,0.40834528302794554,2.2,6.2,3.8,7.8
rf_full,signo_zodiacal_tauro,308,0.5,0.51,0.5115151515151515,0.6,0.5496623376623376,0.48,0.5294535284976462,6.0,5.8,4.2,4.0
rf_full,signo_zodiacal_tauro,309,0.5,0.5900000000000001,0.6037296037296037,0.5800000000000001,0.5734989648033126,0.6210000000000001,0.673063426339742,5.8,4.0,6.0,4.2
rf_full,signo_zodiacal_tauro,310,0.5,0.6,0.6063186813186813,0.64,0.6113668655868145,0.645,0.6843001406058681,6.4,4.4,5.6,3.6
rf_full,signo_zodiacal_tauro,311,0.5,0.55,0.5428571428571429,0.5599999999999999,0.5388591800356506,0.5549999999999999,0.6434132534132534,5.6,4.6,5.4,4.4
rf_full,signo_zodiacal_tauro,312,0.5,0.54,0.543015873015873,0.54,0.5261722488038277,0.525,0.5817913959105909,5.4,4.6,5.4,4.6
rf_full,signo_zodiacal_tauro,313,0.5,0.48,0.48753246753246754,0.5399999999999999,0.5104761904761904,0.491,0.5697506274255499,5.4,5.8,4.2,4.6
rf_full,signo_zodiacal_tauro,314,0.5,0.47000000000000003,0.4674170274170274,0.4800000000000001,0.46472416334955036,0.49399999999999994,0.5715841374827442,4.8,5.4,4.6,5.2
rf_full,signo_zodiacal_tauro,315,0.5,0.55,0.5467099567099567,0.62,0.5727669977081742,0.5449999999999999,0.565807929772326,6.2,5.2,4.8,3.8
rf_full,signo_zodiacal_tauro,316,0.5,0.35,0.3499567099567099,0.38,0.35782633053221286,0.27999999999999997,0.4423867883062929,3.8,6.8,3.2,6.2
rf_full,signo_zodiacal_tauro,317,0.5,0.5,0.4833333333333334,0.5199999999999999,0.498989898989899,0.533,0.5999556820028956,5.2,5.2,4.8,4.8
rf_full,signo_zodiacal_tauro,318,0.5,0.45,0.45555555555555555,0.4600000000000001,0.45011961722488036,0.41600000000000004,0.49397867938734813,4.6,5.6,4.4,5.4
rf_full,signo_zodiacal_tauro,319,0.5,0.6000000000000001,0.621948051948052,0.5800000000000001,0.5943570155334862,0.5740000000000001,0.6624676624545045,5.8,3.8,6.2,4.2
rf_full,signo_zodiacal_tauro,320,0.5,0.49000000000000005,0.4944877344877344,0.5,0.4903331859059413,0.491,0.5224048641417063,5.0,5.2,4.8,5.0
rf_full,signo_zodiacal_tauro,321,0.5,0.44000000000000006,0.43863636363636366,0.4,0.4130952380952381,0.426,0.5078326579681068,4.0,5.2,4.8,6.0
rf_full,signo_zodiacal_tauro,322,0.5,0.54,0.5349650349650349,0.5199999999999999,0.5197783461210571,0.5520000000000002,0.601365865129023,5.2,4.4,5.6,4.8
rf_full,signo_zodiacal_tauro,323,0.5,0.59,0.6309523809523809,0.5,0.522144522144522,0.594,0.6273493553230395,5.0,3.2,6.8,5.0
rf_full,signo_zodiacal_tauro,324,0.5,0.51,0.509090909090909,0.45999999999999996,0.48153717627401826,0.48599999999999993,0.5593900723459547,4.6,4.4,5.6,5.4
rf_full,signo_zodiacal_tauro,325,0.5,0.5700000000000001,0.5862470862470862,0.56,0.5639969488939741,0.604,0.5998649640692986,5.6,4.2,5.8,4.4
rf_full,signo_zodiacal_tauro,326,0.5,0.55,0.5477777777777779,0.5800000000000001,0.5616267942583731,0.567,0.5675214013712465,5.8,4.8,5.2,4.2
rf_full,signo_zodiacal_tauro,327,0.5,0.53,0.5282356532356532,0.5599999999999999,0.5373760488176964,0.5,0.5313407419893489,5.6,5.0,5.0,4.4
rf_full,signo_zodiacal_tauro,328,0.5,0.6,0.6090909090909091,0.5999999999999999,0.5951469583048531,0.654,0.6953926341116743,6.0,4.0,6.0,4.0
rf_full,signo_zodiacal_tauro,329,0.5,0.44000000000000006,0.43863636363636366,0.45999999999999996,0.44761904761904764,0.45899999999999996,0.5392997378438554,4.6,5.8,4.2,5.4
rf_full,signo_zodiacal_tauro,330,0.5,0.53,0.5165584415584416,0.5599999999999999,0.5313131313131313,0.499,0.5310907430203097,5.6,5.0,5.0,4.4
rf_full,signo_zodiacal_tauro,331,0.5,0.51,0.5172222222222222,0.43999999999999995,0.46628389154704947,0.564,0.5928070062892044,4.4,4.2,5.8,5.6
rf_full,signo_zodiacal_tauro,332,0.5,0.42000000000000004,0.4053030303030303,0.39999999999999997,0.39718614718614714,0.44400000000000006,0.5090439533806407,4.0,5.6,4.4,6.0
rf_full,signo_zodiacal_tauro,333,0.5,0.52,0.5215811965811966,0.5,0.5065344520722095,0.48,0.5491622570755699,5.0,4.6,5.4,5.0
rf_full,signo_zodiacal_tauro,334,0.5,0.42000000000000004,0.3965367965367965,0.4,0.39143111790170615,0.324,0.43660156776488035,4.0,5.6,4.4,6.0
rf_full,signo_zodiacal_tauro,335,0.5,0.6100000000000001,0.6101787101787102,0.5599999999999999,0.570118230358505,0.657,0.6638222312603117,5.6,3.4,6.6,4.4
rf_full,signo_zodiacal_tauro,336,0.5,0.42000000000000004,0.4258585858585858,0.42000000000000004,0.421954887218045,0.44300000000000006,0.5683797519989471,4.2,5.8,4.2,5.8
rf_full,signo_zodiacal_tauro,337,0.5,0.38000000000000006,0.38384615384615384,0.42000000000000004,0.39482213438735175,0.4010000000000001,0.4902034538389028,4.2,6.6,3.4,5.8
rf_full,signo_zodiacal_tauro,338,0.5,0.5299999999999999,0.5444444444444445,0.44000000000000006,0.483625730994152,0.535,0.5611490453990454,4.4,3.8,6.2,5.6
rf_full,signo_zodiacal_tauro,339,0.5,0.45999999999999996,0.4543589743589743,0.45999999999999996,0.4489879342625338,0.346,0.4554121819872594,4.6,5.4,4.6,5.4
rf_full,signo_zodiacal_tauro,340,0.5,0.47000000000000003,0.48442307692307696,0.54,0.503537718320327,0.46900000000000003,0.5400929905148171,5.4,6.0,4.0,4.6
rf_full,signo_zodiacal_tauro,341,0.5,0.54,0.5581746031746031,0.5,0.5229746380210776,0.568,0.6009605928986733,5.0,4.2,5.8,5.0
rf_full,signo_zodiacal_tauro,342,0.5,0.5,0.5061111111111111,0.5,0.48409765672923566,0.5399999999999999,0.6039436756054404,5.0,5.0,5.0,5.0
rf_full,signo_zodiacal_tauro,343,0.5,0.52,0.5181818181818182,0.5199999999999999,0.5154401154401155,0.579,0.6631678968606213,5.2,4.8,5.2,4.8
rf_full,signo_zodiacal_tauro,344,0.5,0.47000000000000003,0.4699999999999999,0.5,0.47390909090909095,0.544,0.6169240477444811,5.0,5.6,4.4,5.0
rf_full,signo_zodiacal_tauro,345,0.5,0.55,0.5916666666666667,0.45999999999999996,0.5083599149388622,0.49400000000000005,0.5384652102283681,4.6,3.6,6.4,5.4
rf_full,signo_zodiacal_tauro,346,0.5,0.51,0.5176190476190476,0.45999999999999996,0.4800267379679144,0.6120000000000001,0.6553522996611232,4.6,4.4,5.6,5.4
rf_full,signo_zodiacal_tauro,347,0.5,0.53,0.5555555555555556,0.42000000000000004,0.4730994152046783,0.543,0.6159653879831899,4.2,3.6,6.4,5.8
rf_full,signo_zodiacal_tauro,348,0.5,0.58,0.5946886446886446,0.54,0.5609009736617759,0.607,0.6269016622352535,5.4,3.8,6.2,4.6
rf_full,signo_zodiacal_tauro,349,0.5,0.4,0.36275946275946275,0.36,0.35681189333094027,0.39999999999999997,0.482097822542095,3.6,5.6,4.4,6.4
rf_full,signo_zodiacal_tauro,350,0.5,0.41999999999999993,0.401923076923077,0.34,0.36122552758708365,0.44700000000000006,0.5419877626673293,3.4,5.0,5.0,6.6
rf_full,signo_zodiacal_tauro,351,0.5,0.5399999999999999,0.5444444444444444,0.52,0.531578947368421,0.5040000000000001,0.5557537026097398,5.2,4.4,5.6,4.8
rf_full,signo_zodiacal_tauro,352,0.5,0.5999999999999999,0.6156709956709956,0.62,0.6067303553000147,0.6199999999999999,0.6691784110282561,6.2,4.2,5.8,3.8
rf_full,signo_zodiacal_tauro,353,0.5,0.43,0.4368939393939394,0.5199999999999999,0.47115551115551113,0.43299999999999994,0.5203912486722084,5.2,6.6,3.4,4.8
rf_full,signo_zodiacal_tauro,354,0.5,0.47000000000000003,0.4727272727272728,0.38,0.4063131313131313,0.4779999999999999,0.577043289613723,3.8,4.4,5.6,6.2
rf_full,signo_zodiacal_tauro,355,0.5,0.6100000000000001,0.6315617715617716,0.62,0.6146066252587992,0.615,0.6697138216960198,6.2,4.0,6.0,3.8
rf_full,signo_zodiacal_tauro,356,0.5,0.5399999999999999,0.5043137254901962,0.6000000000000001,0.5262390572390572,0.576,0.5972132856823259,6.0,5.2,4.8,4.0
rf_full,signo_zodiacal_tauro,357,0.5,0.53,0.6081385281385281,0.48,0.5085714285714286,0.5,0.6047552835021875,4.8,4.2,5.8,5.2
rf_full,signo_zodiacal_tauro,358,0.5,0.53,0.5232789432789433,0.52,0.5136793069630599,0.532,0.5846099723290126,5.2,4.6,5.4,4.8
rf_full,signo_zodiacal_tauro,359,0.5,0.53,0.5202020202020202,0.52,0.512359329696791,0.588,0.6377824212251456,5.2,4.6,5.4,4.8
rf_full,signo_zodiacal_tauro,360,0.5,0.5499999999999999,0.5311111111111111,0.5,0.5038345864661654,0.5900000000000001,0.6525611502360729,5.0,4.0,6.0,5.0
rf_full,signo_zodiacal_tauro,361,0.5,0.5199999999999999,0.5282167832167832,0.6,0.553773955513086,0.45899999999999996,0.5516723745810432,6.0,5.6,4.4,4.0
rf_full,signo_zodiacal_tauro,362,0.5,0.53,0.5372727272727272,0.5,0.48938528138528137,0.5549999999999999,0.6122663539590784,5.0,4.4,5.6,5.0
rf_full,signo_zodiacal_tauro,363,0.5,0.4800000000000001,0.49452380952380953,0.5599999999999999,0.5102997394762101,0.41899999999999993,0.5161417108003795,5.6,6.0,4.0,4.4
rf_full,signo_zodiacal_tauro,364,0.5,0.5200000000000001,0.5651515151515152,0.52,0.5313852813852813,0.5589999999999999,0.5953381781617076,5.2,4.8,5.2,4.8
rf_full,signo_zodiacal_tauro,365,0.5,0.5,0.5054390054390054,0.56,0.5267789037811921,0.453,0.5370888205361889,5.6,5.6,4.4,4.4
rf_full,signo_zodiacal_tauro,366,0.5,0.52,0.5317424242424242,0.62,0.5659128590707538,0.5579999999999999,0.6431949427421563,6.2,5.8,4.2,3.8
rf_full,signo_zodiacal_tauro,367,0.5,0.5199999999999999,0.5234188034188035,0.5,0.5073887617594711,0.507,0.5967179378928604,5.0,4.6,5.4,5.0
rf_full,signo_zodiacal_tauro,368,0.5,0.39,0.3791486291486291,0.34,0.3563860631972087,0.355,0.45370115342174167,3.4,5.6,4.4,6.6
rf_full,signo_zodiacal_tauro,369,0.5,0.43000000000000005,0.4374891774891775,0.48,0.4476676003734827,0.409,0.5086850649350649,4.8,6.2,3.8,5.2
rf_full,signo_zodiacal_tauro,370,0.5,0.42000000000000004,0.41535353535353536,0.4,0.4068170426065163,0.388,0.5064274188144158,4.0,5.6,4.4,6.0
rf_full,signo_zodiacal_tauro,371,0.5,0.43000000000000005,0.4313708513708514,0.42000000000000004,0.42208515942262076,0.42400000000000004,0.5556597230598779,4.2,5.6,4.4,5.8
rf_full,signo_zodiacal_tauro,372,0.5,0.5,0.47555555555555556,0.48,0.4623014354066985,0.475,0.5593719158378602,4.8,4.8,5.2,5.2
rf_full,signo_zodiacal_tauro,373,0.5,0.39,0.37077922077922076,0.36,0.36293183940242757,0.42699999999999994,0.5291649451339854,3.6,5.8,4.2,6.4
rf_full,signo_zodiacal_tauro,374,0.5,0.43999999999999995,0.381025641025641,0.36,0.35749670619235835,0.488,0.5404136767944816,3.6,4.8,5.2,6.4
rf_full,signo_zodiacal_tauro,375,0.5,0.5599999999999999,0.5615584415584415,0.56,0.5565418894830658,0.531,0.5721521513402318,5.6,4.4,5.6,4.4
rf_full,signo_zodiacal_tauro,376,0.5,0.4800000000000001,0.48571428571428577,0.4,0.4294117647058823,0.483,0.5530160764588009,4.0,4.4,5.6,6.0
rf_full,signo_zodiacal_tauro,377,0.5,0.5700000000000001,0.5706493506493506,0.5399999999999999,0.5506255835667601,0.5770000000000001,0.6419524919524919,5.4,4.0,6.0,4.6
rf_full,signo_zodiacal_tauro,378,0.5,0.4800000000000001,0.47575757575757577,0.45999999999999996,0.4648439280018227,0.48,0.5663695383563805,4.6,5.0,5.0,5.4
rf_full,signo_zodiacal_tauro,379,0.5,0.47000000000000003,0.47142857142857136,0.4,0.42058823529411765,0.454,0.5405712610403013,4.0,4.6,5.4,6.0
rf_full,signo_zodiacal_tauro,380,0.5,0.51,0.4874603174603175,0.5,0.4875438596491228,0.541,0.6281633272987761,5.0,4.8,5.2,5.0
rf_full,signo_zodiacal_tauro,381,0.5,0.47000000000000003,0.4463059163059163,0.38,0.40319032876308414,0.512,0.5339308371367195,3.8,4.4,5.6,6.2
rf_full,signo_zodiacal_tauro,382,0.5,0.54,0.5477564102564102,0.58,0.551733849674353,0.535,0.6214898065470821,5.8,5.0,5.0,4.2
rf_full,signo_zodiacal_tauro,383,0.5,0.45,0.44571428571428573,0.54,0.4786666666666667,0.506,0.6064601499291902,5.4,6.4,3.6,4.6
rf_full,signo_zodiacal_tauro,384,0.5,0.55,0.5535353535353535,0.54,0.5438444596339332,0.472,0.5609105153532398,5.4,4.4,5.6,4.6
rf_full,signo_zodiacal_tauro,385,0.5,0.5800000000000001,0.5733333333333333,0.6000000000000001,0.5775481127060074,0.6180000000000001,0.655804658791501,6.0,4.4,5.6,4.0
rf_full,signo_zodiacal_tauro,386,0.5,0.6799999999999999,0.6766666666666665,0.7,0.6872727272727271,0.692,0.6955934327110798,7.0,3.4,6.6,3.0
rf_full,signo_zodiacal_tauro,387,0.5,0.5,0.5252100840336134,0.45999999999999996,0.47494553376906323,0.511,0.5634098738378924,4.6,4.6,5.4,5.4
rf_full,signo_zodiacal_tauro,388,0.5,0.4600000000000001,0.4686363636363636,0.48,0.4716305916305917,0.45099999999999996,0.5157180860075596,4.8,5.6,4.4,5.2
rf_full,signo_zodiacal_tauro,389,0.5,0.49000000000000005,0.48,0.4999999999999999,0.4823625730994152,0.46799999999999997,0.5212684270493868,5.0,5.2,4.8,5.0
rf_full,signo_zodiacal_tauro,390,0.5,0.45,0.4556349206349207,0.38,0.41273477812177506,0.433,0.5237440708586221,3.8,4.8,5.2,6.2
rf_full,signo_zodiacal_tauro,391,0.5,0.49000000000000005,0.48571428571428577,0.4,0.4378396972824217,0.5160000000000001,0.601651607594332,4.0,4.2,5.8,6.0
rf_full,signo_zodiacal_tauro,392,0.5,0.54,0.5416666666666666,0.48,0.501010101010101,0.525,0.5945920745920745,4.8,4.0,6.0,5.2
rf_full,signo_zodiacal_tauro,393,0.5,0.45999999999999996,0.4665501165501166,0.44000000000000006,0.43652675826588866,0.497,0.5766993818874624,4.4,5.2,4.8,5.6
rf_full,signo_zodiacal_tauro,394,0.5,0.55,0.5534188034188035,0.58,0.5631995007281049,0.585,0.595584126657656,5.8,4.8,5.2,4.2
rf_full,signo_zodiacal_tauro,395,0.5,0.51,0.5367521367521368,0.42000000000000004,0.4489272232979326,0.5290000000000001,0.6152064322846057,4.2,4.0,6.0,5.8
rf_full,signo_zodiacal_tauro,396,0.5,0.43,0.4341258741258741,0.52,0.4714906832298137,0.34,0.4499027696589616,5.2,6.6,3.4,4.8
rf_full,signo_zodiacal_tauro,397,0.5,0.47000000000000003,0.47844155844155845,0.38,0.41566760037348266,0.5,0.5845068079495324,3.8,4.4,5.6,6.2
rf_full,signo_zodiacal_tauro,398,0.5,0.52,0.5091666666666667,0.5599999999999999,0.5207342657342657,0.522,0.5521237161531279,5.6,5.2,4.8,4.4
rf_full,signo_zodiacal_tauro,399,0.5,0.65,0.6301476301476302,0.7,0.6614361991936362,0.6620000000000001,0.6550690485984603,7.0,4.0,6.0,3.0
rf_full,signo_zodiacal_tauro,400,0.5,0.49000000000000005,0.4833333333333334,0.5,0.4889952153110048,0.47300000000000003,0.536859798268467,5.0,5.2,4.8,5.0
rf_full,signo_zodiacal_tauro,401,0.5,0.5,0.4920634920634921,0.48,0.47675438596491226,0.441,0.518296862064664,4.8,4.8,5.2,5.2
rf_full,signo_zodiacal_tauro,402,0.5,0.51,0.4951226551226551,0.48,0.48555506413091554,0.48,0.5353186992745815,4.8,4.6,5.4,5.2
rf_full,signo_zodiacal_tauro,403,0.5,0.55,0.5628571428571428,0.58,0.5598692810457516,0.609,0.6243602410661234,5.8,4.8,5.2,4.2
rf_full,signo_zodiacal_tauro,404,0.5,0.5700000000000001,0.5806060606060606,0.5599999999999999,0.5578309409888357,0.5940000000000001,0.6539637313151245,5.6,4.2,5.8,4.4
rf_full,signo_zodiacal_tauro,405,0.5,0.45000000000000007,0.4642424242424242,0.45999999999999996,0.45039598997493735,0.43100000000000005,0.5167314819683241,4.6,5.6,4.4,5.4
rf_full,signo_zodiacal_tauro,406,0.5,0.53,0.5267399267399268,0.54,0.5281669647263939,0.557,0.6069618877854172,5.4,4.8,5.2,4.6
rf_full,signo_zodiacal_tauro,407,0.5,0.49000000000000005,0.4941919191919192,0.45999999999999996,0.4743525480367586,0.42200000000000004,0.518781019891701,4.6,4.8,5.2,5.4
rf_full,signo_zodiacal_tauro,408,0.5,0.4600000000000001,0.47777777777777775,0.34,0.38746867167919796,0.43600000000000005,0.48881883089390826,3.4,4.2,5.8,6.6
rf_full,signo_zodiacal_tauro,409,0.5,0.38,0.37454212454212454,0.4600000000000001,0.4104859335038363,0.3529999999999999,0.47672500727686484,4.6,7.0,3.0,5.4
rf_full,signo_zodiacal_tauro,410,0.5,0.43,0.40919913419913423,0.36,0.3777310924369748,0.404,0.46388800638645844,3.6,5.0,5.0,6.4
rf_full,signo_zodiacal_tauro,411,0.5,0.48999999999999994,0.49452380952380953,0.44000000000000006,0.45391606467148266,0.47300000000000003,0.5574984182484183,4.4,4.6,5.4,5.6
rf_full,signo_zodiacal_tauro,412,0.5,0.55,0.5484498834498834,0.6200000000000001,0.575135955831608,0.552,0.5744098929965803,6.2,5.2,4.8,3.8
rf_full,signo_zodiacal_tauro,413,0.5,0.64,0.6377777777777778,0.6199999999999999,0.6161722488038277,0.678,0.667942925925124,6.2,3.4,6.6,3.8
rf_full,signo_zodiacal_tauro,414,0.5,0.48,0.48954933954933955,0.54,0.5117001991143868,0.46499999999999997,0.5129004992255766,5.4,5.8,4.2,4.6
rf_full,signo_zodiacal_tauro,415,0.5,0.52,0.5148473748473749,0.48,0.4907874545699287,0.43600000000000005,0.5059257233994077,4.8,4.4,5.6,5.2
rf_full,signo_zodiacal_tauro,416,0.5,0.51,0.4958333333333334,0.62,0.5423831070889895,0.51,0.5339556162791457,6.2,6.0,4.0,3.8
rf_full,signo_zodiacal_tauro,417,0.5,0.5,0.5111111111111111,0.45999999999999996,0.47794486215538845,0.46900000000000003,0.5401486301795899,4.6,4.6,5.4,5.4
rf_full,signo_zodiacal_tauro,418,0.5,0.49000000000000005,0.5013131313131314,0.48,0.4784962406015037,0.46699999999999997,0.519949624936467,4.8,5.0,5.0,5.2
rf_full,signo_zodiacal_tauro,419,0.5,0.6399999999999999,0.6483333333333332,0.6,0.6147474747474748,0.654,0.7009598908143799,6.0,3.2,6.8,4.0
rf_full,signo_zodiacal_tauro,420,0.5,0.55,0.5527777777777778,0.54,0.5416267942583731,0.5119999999999999,0.5425350595397035,5.4,4.4,5.6,4.6
rf_full,signo_zodiacal_tauro,421,0.5,0.32,0.305,0.32,0.31030303030303036,0.332,0.47071833008752506,3.2,6.8,3.2,6.8
rf_full,signo_zodiacal_tauro,422,0.5,0.4800000000000001,0.4476923076923077,0.42000000000000004,0.4267683702008645,0.4640000000000001,0.5556865238304868,4.2,4.6,5.4,5.8
rf_full,signo_zodiacal_tauro,423,0.5,0.35,0.3170634920634921,0.27999999999999997,0.2937986677924759,0.30199999999999994,0.4541820167276823,2.8,5.8,4.2,7.2
rf_full,signo_zodiacal_tauro,424,0.5,0.52,0.5637606837606837,0.5,0.5044424103737605,0.543,0.5836675899779615,5.0,4.6,5.4,5.0
rf_full,signo_zodiacal_tauro,425,0.5,0.5399999999999999,0.5208080808080807,0.45999999999999996,0.4795488721804511,0.48999999999999994,0.5484464440787971,4.6,3.8,6.2,5.4
rf_full,signo_zodiacal_tauro,426,0.5,0.51,0.5201515151515151,0.5,0.5079030910609859,0.507,0.5737306494674914,5.0,4.8,5.2,5.0
rf_full,signo_zodiacal_tauro,427,0.5,0.53,0.5326923076923077,0.6,0.558937198067633,0.548,0.5866350954686868,6.0,5.4,4.6,4.0
rf_full,signo_zodiacal_tauro,428,0.5,0.41,0.40024864024864026,0.44000000000000006,0.4174261741309796,0.38000000000000006,0.4825878200746622,4.4,6.2,3.8,5.6
rf_full,signo_zodiacal_tauro,429,0.5,0.52,0.525,0.52,0.5181818181818183,0.523,0.6069407547217145,5.2,4.8,5.2,4.8
rf_full,signo_zodiacal_tauro,430,0.5,0.49000000000000005,0.4766666666666667,0.5599999999999999,0.5091111111111111,0.42200000000000004,0.4778492952695739,5.6,5.8,4.2,4.4
rf_full,signo_zodiacal_tauro,431,0.5,0.55,0.5546353646353646,0.5399999999999999,0.5399147485080988,0.5740000000000001,0.6224165397725768,5.4,4.4,5.6,4.6
rf_full,signo_zodiacal_tauro,432,0.5,0.49000000000000005,0.4870707070707071,0.52,0.5018728639781271,0.46399999999999997,0.5264800291727536,5.2,5.4,4.6,4.8
rf_full,signo_zodiacal_tauro,433,0.5,0.53,0.5578632478632478,0.47999999999999987,0.4974977463421399,0.581,0.6060063264049331,4.8,4.2,5.8,5.2
rf_full,signo_zodiacal_tauro,434,0.5,0.5,0.5,0.39999999999999997,0.43550543024227234,0.4670000000000001,0.5262224724020389,4.0,4.0,6.0,6.0
rf_full,signo_zodiacal_tauro,435,0.5,0.51,0.5117715617715618,0.58,0.5428006775832863,0.517,0.5523682860826823,5.8,5.6,4.4,4.2
rf_full,signo_zodiacal_tauro,436,0.5,0.43,0.4299567099567099,0.45999999999999996,0.43782633053221287,0.386,0.509365942279255,4.6,6.0,4.0,5.4
rf_full,signo_zodiacal_tauro,437,0.5,0.42000000000000004,0.4371428571428571,0.48,0.44742424242424245,0.36299999999999993,0.4538513071895425,4.8,6.4,3.6,5.2
rf_full,signo_zodiacal_tauro,438,0.5,0.54,0.5279304029304029,0.52,0.5103012219380506,0.5450000000000002,0.6085867824985473,5.2,4.4,5.6,4.8
rf_full,signo_zodiacal_tauro,439,0.5,0.51,0.4892857142857142,0.38,0.4226890756302521,0.49399999999999994,0.5702043336780178,3.8,3.6,6.4,6.2
rf_full,signo_zodiacal_tauro,440,0.5,0.61,0.6206349206349205,0.5800000000000001,0.5946805516464959,0.585,0.6068560487500116,5.8,3.6,6.4,4.2
rf_full,signo_zodiacal_tauro,441,0.5,0.45,0.4538888888888889,0.36000000000000004,0.4000275197798418,0.45499999999999996,0.563817526642604,3.6,4.6,5.4,6.4
rf_full,signo_zodiacal_tauro,442,0.5,0.57,0.5811111111111111,0.47999999999999987,0.5138516746411483,0.54,0.6067300383654872,4.8,3.4,6.6,5.2
rf_full,signo_zodiacal_tauro,443,0.5,0.53,0.5456410256410257,0.5800000000000001,0.5501054018445324,0.58,0.5866812246061471,5.8,5.2,4.8,4.2
rf_full,signo_zodiacal_tauro,444,0.5,0.47000000000000003,0.47131313131313135,0.54,0.4995871496924128,0.45899999999999996,0.5122787296123209,5.4,6.0,4.0,4.6
rf_full,signo_zodiacal_tauro,445,0.5,0.52,0.5148484848484849,0.5599999999999999,0.5358441558441558,0.5149999999999999,0.5894845148831217,5.6,5.2,4.8,4.4
rf_full,signo_zodiacal_tauro,446,0.5,0.43000000000000005,0.4314285714285714,0.41999999999999993,0.4200619195046439,0.45200000000000007,0.5517723522607423,4.2,5.6,4.4,5.8
rf_full,signo_zodiacal_tauro,447,0.5,0.56,0.5622222222222222,0.5599999999999999,0.5600501253132831,0.5890000000000001,0.6285729876418731,5.6,4.4,5.6,4.4
rf_full,signo_zodiacal_tauro,448,0.5,0.53,0.5301165501165501,0.64,0.577115753811406,0.54,0.5921734458352106,6.4,5.8,4.2,3.6
rf_full,signo_zodiacal_tauro,449,0.5,0.5499999999999999,0.5542207792207792,0.5399999999999999,0.5410236822001527,0.632,0.6850280264970667,5.4,4.4,5.6,4.6
rf_full,signo_zodiacal_tauro,450,0.5,0.52,0.5206959706959707,0.42000000000000004,0.45269252628587664,0.499,0.5734498550984618,4.2,3.8,6.2,5.8
rf_full,signo_zodiacal_tauro,451,0.5,0.39,0.4023809523809524,0.42000000000000004,0.4073847720906545,0.39499999999999996,0.4998065382330087,4.2,6.4,3.6,5.8
rf_full,signo_zodiacal_tauro,452,0.5,0.49000000000000005,0.49444444444444446,0.48,0.48026315789473684,0.46799999999999997,0.5091104816236396,4.8,5.0,5.0,5.2
rf_full,signo_zodiacal_tauro,453,0.5,0.52,0.5222222222222221,0.44000000000000006,0.4771929824561404,0.531,0.6047117767853062,4.4,4.0,6.0,5.6
rf_full,signo_zodiacal_tauro,454,0.5,0.5,0.5254945054945055,0.5,0.49960358056265985,0.49700000000000005,0.5657836064863929,5.0,5.0,5.0,5.0
rf_full,signo_zodiacal_tauro,455,0.5,0.55,0.5511111111111111,0.5,0.523625730994152,0.5559999999999999,0.6227717370348949,5.0,4.0,6.0,5.0
rf_full,signo_zodiacal_tauro,456,0.5,0.44000000000000006,0.43204573204573204,0.42000000000000004,0.4214004747589348,0.40800000000000003,0.4724384977767331,4.2,5.4,4.6,5.8
rf_full,signo_zodiacal_tauro,457,0.5,0.51,0.5166666666666666,0.45999999999999996,0.4767464114832536,0.537,0.6137220083837731,4.6,4.4,5.6,5.4
rf_full,signo_zodiacal_tauro,458,0.5,0.6100000000000001,0.5889102564102564,0.6799999999999999,0.6180465186986926,0.636,0.680734226557756,6.8,4.6,5.4,3.2
rf_full,signo_zodiacal_tauro,459,0.5,0.5900000000000001,0.6,0.54,0.5684210526315788,0.55,0.6317315205434401,5.4,3.6,6.4,4.6
rf_full,signo_zodiacal_tauro,460,0.5,0.44000000000000006,0.4475757575757576,0.4999999999999999,0.46739971139971137,0.46900000000000003,0.5818749563130368,5.0,6.2,3.8,5.0
rf_full,signo_zodiacal_tauro,461,0.5,0.47000000000000003,0.453015873015873,0.52,0.48119617224880373,0.476,0.5146322443466407,5.2,5.8,4.2,4.8
rf_full,signo_zodiacal_tauro,462,0.5,0.55,0.5590909090909091,0.54,0.5460317460317461,0.56,0.5814987747031091,5.4,4.4,5.6,4.6
rf_full,signo_zodiacal_tauro,463,0.5,0.4,0.3896031746031746,0.34,0.3614654282765738,0.43400000000000005,0.510286297465864,3.4,5.4,4.6,6.6
rf_full,signo_zodiacal_tauro,464,0.5,0.45,0.45357753357753355,0.5,0.47171624713958804,0.43599999999999994,0.5468600335852657,5.0,6.0,4.0,5.0
rf_full,signo_zodiacal_tauro,465,0.5,0.5200000000000001,0.5385836385836387,0.54,0.5316058688921793,0.5369999999999999,0.6069999781779967,5.4,5.0,5.0,4.6
rf_full,signo_zodiacal_tauro,466,0.5,0.6199999999999999,0.6473193473193473,0.6,0.5988706945228683,0.6559999999999999,0.70361748012909,6.0,3.6,6.4,4.0
rf_full,signo_zodiacal_tauro,467,0.5,0.5,0.48888888888888893,0.4,0.4383040935672515,0.489,0.5800690704204635,4.0,4.0,6.0,6.0
rf_full,signo_zodiacal_tauro,468,0.5,0.44000000000000006,0.4261904761904762,0.42000000000000004,0.4180799592564298,0.457,0.5548996379437555,4.2,5.4,4.6,5.8
rf_full,signo_zodiacal_tauro,469,0.5,0.45,0.4615384615384615,0.45999999999999996,0.4536561264822135,0.4290000000000001,0.47694626675354235,4.6,5.6,4.4,5.4
rf_full,signo_zodiacal_tauro,470,0.5,0.39,0.37316017316017314,0.34,0.3522335249889429,0.413,0.512774446743487,3.4,5.6,4.4,6.6
rf_full,signo_zodiacal_tauro,471,0.5,0.44000000000000006,0.4261904761904762,0.4,0.4065359477124183,0.422,0.5324691344087629,4.0,5.2,4.8,6.0
rf_full,signo_zodiacal_tauro,472,0.5,0.44000000000000006,0.4513708513708513,0.48,0.46038581301739195,0.4050000000000001,0.521236568986569,4.8,6.0,4.0,5.2
rf_full,signo_zodiacal_tauro,473,0.5,0.4,0.40465034965034963,0.4,0.39870255348516215,0.42400000000000004,0.5325363694612921,4.0,6.0,4.0,6.0
rf_full,signo_zodiacal_tauro,474,0.5,0.4600000000000001,0.4557575757575757,0.38,0.4050522026992615,0.409,0.5188184558819233,3.8,4.6,5.4,6.2
rf_full,signo_zodiacal_tauro,475,0.5,0.45,0.3981818181818182,0.41999999999999993,0.40857142857142853,0.41500000000000004,0.5045283907698769,4.2,5.2,4.8,5.8
rf_full,signo_zodiacal_tauro,476,0.5,0.5700000000000001,0.5557142857142858,0.6,0.5681767520405291,0.607,0.6561255492873139,6.0,4.6,5.4,4.0
rf_full,signo_zodiacal_tauro,477,0.5,0.45999999999999996,0.469949494949495,0.45999999999999996,0.46242120452646773,0.426,0.5349278705470655,4.6,5.4,4.6,5.4
rf_full,signo_zodiacal_tauro,478,0.5,0.5,0.5,0.52,0.509090909090909,0.505,0.5696798026534868,5.2,5.2,4.8,4.8
rf_full,signo_zodiacal_tauro,479,0.5,0.49000000000000005,0.48,0.48,0.4719480519480519,0.5,0.53899888999889,4.8,5.0,5.0,5.2
rf_full,signo_zodiacal_tauro,480,0.5,0.53,0.5340909090909091,0.48,0.4920634920634921,0.554,0.5807490924108571,4.8,4.2,5.8,5.2
rf_full,signo_zodiacal_tauro,481,0.5,0.53,0.5424242424242424,0.52,0.5238095238095238,0.577,0.6162244668815876,5.2,4.6,5.4,4.8
rf_full,signo_zodiacal_tauro,482,0.5,0.4699999999999999,0.4670695970695971,0.44000000000000006,0.44310005425094945,0.4969999999999999,0.5999352961280205,4.4,5.0,5.0,5.6
rf_full,signo_zodiacal_tauro,483,0.5,0.49000000000000005,0.49777777777777776,0.5199999999999999,0.5044210526315789,0.507,0.5421391545331173,5.2,5.4,4.6,4.8
rf_full,signo_zodiacal_tauro,484,0.5,0.39999999999999997,0.3874891774891775,0.38,0.37381139122315593,0.39799999999999996,0.4928118908954822,3.8,5.8,4.2,6.2
rf_full,signo_zodiacal_tauro,485,0.5,0.45,0.4486363636363636,0.5199999999999999,0.47736796536796533,0.45899999999999996,0.5329388940093275,5.2,6.2,3.8,4.8
rf_full,signo_zodiacal_tauro,486,0.5,0.4,0.3693639693639693,0.38,0.36835342832785284,0.33199999999999996,0.4423658257806865,3.8,5.8,4.2,6.2
rf_full,signo_zodiacal_tauro,487,0.5,0.4600000000000001,0.45897435897435895,0.4600000000000001,0.45697940503432494,0.445,0.5541263032633001,4.6,5.4,4.6,5.4
rf_full,signo_zodiacal_tauro,488,0.5,0.42000000000000004,0.4137529137529138,0.42000000000000004,0.4131342849878319,0.43600000000000005,0.5060801573727269,4.2,5.8,4.2,5.8
rf_full,signo_zodiacal_tauro,489,0.5,0.44000000000000006,0.4216666666666667,0.4,0.40619047619047616,0.422,0.5257345987345987,4.0,5.2,4.8,6.0
rf_full,signo_zodiacal_tauro,490,0.5,0.52,0.5283333333333333,0.52,0.52,0.45500000000000007,0.505867373424649,5.2,4.8,5.2,4.8
rf_full,signo_zodiacal_tauro,491,0.5,0.54,0.5492857142857143,0.5599999999999999,0.544501485442662,0.567,0.6321372336813512,5.6,4.8,5.2,4.4
rf_full,signo_zodiacal_tauro,492,0.5,0.52,0.492020202020202,0.45999999999999996,0.46907268170426064,0.5730000000000001,0.6310878288378288,4.6,4.2,5.8,5.4
rf_full,signo_zodiacal_tauro,493,0.5,0.4600000000000001,0.45757575757575764,0.52,0.48566871724766464,0.43000000000000005,0.5036734105248037,5.2,6.0,4.0,4.8
rf_full,signo_zodiacal_tauro,494,0.5,0.4800000000000001,0.5059523809523809,0.36,0.40212075506193157,0.475,0.558622296004649,3.6,4.0,6.0,6.4
rf_full,signo_zodiacal_tauro,495,0.5,0.30999999999999994,0.3094155844155844,0.30000000000000004,0.30160427807486634,0.30300000000000005,0.45991183146059306,3.0,6.8,3.2,7.0
rf_full,signo_zodiacal_tauro,496,0.5,0.47000000000000003,0.4690836940836941,0.4,0.42912182416826383,0.469,0.5406462215974599,4.0,4.6,5.4,6.0
rf_full,signo_zodiacal_tauro,497,0.5,0.5299999999999999,0.5368253968253969,0.56,0.5269283162657776,0.6140000000000001,0.6419144974392652,5.6,5.0,5.0,4.4
rf_full,signo_zodiacal_tauro,498,0.5,0.5200000000000001,0.5217914438502673,0.58,0.5376623376623376,0.47400000000000003,0.5621666095342566,5.8,5.4,4.6,4.2
rf_full,signo_zodiacal_tauro,499,0.5,0.5,0.5044444444444445,0.58,0.535444976076555,0.49000000000000005,0.5591841122413876,5.8,5.8,4.2,4.2
rf_full,signo_zodiacal_tauro,500,0.5,0.47000000000000003,0.4656988436400201,0.54,0.4911348419357573,0.503,0.5735465178096757,5.4,6.0,4.0,4.6
